3.6519389152526855
3.4248195624351503
3.408014407157898
3.3809685206413267
3.354646165370941
3.3057283926010133
3.303995842933655
3.287066478729248
3.2904652547836304
3.3640151023864746
3.2713651061058044
3.271162073612213
3.2605476450920103
3.2716557073593138
3.2565742325782776
3.251865019798279
3.236489307880402
3.262238910198212
3.101773262023926
3.2019945669174192
3.248713312149048
3.2060793447494507
3.2271060371398925
3.209412224292755
3.2221331000328064
3.2086000776290895
3.2155891036987305
2.9843220710754395
3.1410016202926636
3.1835971093177795
3.1741726636886596
3.182015459537506
3.1663690567016602
3.1849904346466062
3.1503763961791993
3.166358389854431
3.0852887630462646
3.0987804985046385
3.130740752220154
3.0769533848762514
3.106950237751007
3.1153593635559083
3.1443353199958803
3.148927457332611
3.14555508852005
3.087543487548828
3.025011110305786
3.02607515335083
3.0042121744155885
3.0065571737289427
3.0316480779647828
3.00391633272171
2.994619460105896
3.0244264793395996
2.9847278594970703
2.9194259881973266
2.9255695438385008
2.927804753780365
2.961733870506287
2.912053949832916
2.9372290444374083
2.9561368727684023
2.9612480711936953
3.0339879989624023
2.835625896453857
2.8293770241737364
2.841190176010132
2.873336787223816
2.8740040397644044
2.868193118572235
2.8881187796592713
2.8827214813232422
2.7398200035095215
2.7344477367401123
2.7430938029289247
2.771894338130951
2.7752540707588196
2.809535219669342
2.7653682017326355
2.793329427242279
2.789310185909271
2.263986587524414
2.620922088623047
2.6504764699935914
2.6699766874313355
2.6658103251457215
2.7193107295036314
2.7049412679672242
2.738466422557831
2.7429273319244385
2.4065797328948975
2.4865786600112916
2.4501549196243286
2.4211734461784364
2.4368634176254274
2.4542297744750976
2.453149576187134
2.4398868083953857
2.453432161808014
2.1673693656921387
2.298459289073944
2.304758323431015
2.291464829444885
2.285744345188141
2.3150608062744142
2.3530356907844543
2.3599542140960694
2.3422195053100587
2.1241040229797363
2.1957916402816773
2.2089675629138945
2.2141516411304476
2.199741357564926
2.216295589208603
2.2306156873703005
2.2546973621845243
2.274420735836029
1.7602506875991821
2.081718819141388
2.076197425127029
2.122568073272705
2.1237251281738283
2.1481919717788696
2.1651288425922393
2.148971370458603
2.1832596933841706
1.8894286155700684
2.0290750288963317
2.0162153029441834
2.040684633255005
2.041886230707169
2.0501705837249755
2.0570017921924593
2.0774349212646483
2.0828810179233552
1.7175804376602173
1.8667406511306763
1.8746156466007233
1.8703018152713775
1.878313490152359
1.8635113847255707
1.8577577567100525
1.862928841114044
1.8633531522750855
1.8314839601516724
1.7905338323116302
1.7638180029392243
1.7791439592838287
1.7947816777229308
1.7819789385795592
1.7829671311378479
1.7831290245056153
1.7932600855827332
1.565369725227356
1.7062533700466156
1.7351190984249114
1.7409262335300446
1.7368027770519257
1.712579299211502
1.7306935179233551
1.7556720340251923
1.7427914178371429
1.3437618017196655
1.6482856392860412
1.673086404800415
1.6907486057281493
1.6849095976352693
1.7144833874702454
1.6864591896533967
1.7150264120101928
1.692856295108795
1.6458072662353516
1.6311508119106293
1.671021683216095
1.6382161939144135
1.6359032845497132
1.6466487312316895
1.6524270236492158
1.6888853883743287
1.6830398213863373
1.6468236446380615
1.5793204832077026
1.5808277201652527
1.5642320930957794
1.5697083628177644
1.6055312025547028
1.5589224863052369
1.5578706610202788
1.5783848905563354
1.5329539775848389
1.5346489369869232
1.5455730545520783
1.5263121557235717
1.5382110953330994
1.5432819318771362
1.5338532197475434
1.5133414828777314
1.553346837759018
1.313047170639038
1.5206142485141754
1.518663911819458
1.5100606238842011
1.5032274913787842
1.5060428524017333
1.5086703097820282
1.5293414509296417
1.5356431484222413
1.1869256496429443
1.5142399752140046
1.4873202788829802
1.5042643070220947
1.4856882643699647
1.508003805875778
1.4879671227931976
1.4929037201404571
1.476437178850174
1.5201826095581055
1.4880788004398346
1.4702512156963348
1.4784124207496643
1.476740825176239
1.4715708518028259
1.4817100656032562
1.483791346549988
1.495265988111496
