1.3956036567687988
1.3639670562744142
1.3352667796611786
1.323072134256363
1.3147465097904205
1.3324763882160187
1.3124328017234803
1.2956136572360992
1.3040153843164444
1.3032276105880738
1.2706159937381745
1.3061770629882812
1.2931556296348572
1.2914292788505555
1.2961803841590882
1.293507444858551
1.294709106683731
1.297003972530365
1.2894564706087113
1.287935470342636
1.2742771112918854
1.2860309636592866
1.3081261813640594
1.2838450646400452
1.2833137845993041
1.2815457594394684
1.2784937262535094
1.2672516179084778
1.2729725646972656
1.2638211238384247
1.272862184047699
1.2743965566158295
1.278970305919647
1.3334920406341553
1.268556098341942
1.2569002330303192
1.2637527137994766
1.2629327487945556
1.2492224675416947
1.2647902876138688
1.259268194437027
1.2490125977993012
1.2576124155521393
1.280880442261696
1.243219808936119
1.2701724016666411
1.228222705721855
1.246723431944847
1.2365921747684478
1.2566797655820847
1.2731175076961518
1.2518621182441712
1.2699187177419662
1.2587358570098877
1.238886243700981
1.242483966946602
1.2313076269626617
1.2319630074501038
1.2260473823547364
1.2325587230920791
1.2487951946258544
1.2547350001335145
1.2323648381233214
1.2295831644535065
1.2517476290464402
1.2567020136117935
1.227205753326416
1.1979065799713136
1.2144864976406098
1.2010031044483185
1.2151848042011262
1.1870610678195954
1.1954525649547576
1.217074890732765
1.1980301010608674
1.17429369866848
1.1998768013715744
1.1815338337421417
1.2020455414056779
1.1955360341072083
1.1984682351350784
1.2083124095201492
1.2021100562810898
1.1838146770000457
1.1715023165941238
1.2059095370769501
1.1768456381559371
1.1834805911779405
1.222503103017807
1.1866601175069809
1.19255277633667
1.2009031945466995
1.1849619942903518
1.1753566110134124
1.2188744634389876
1.2135551965236664
1.1922257566452026
1.191098068356514
1.2053637379407882
1.1926625967025757
1.2073000651597976
1.2021954768896104
1.217229549884796
1.191409733891487
1.189733887910843
1.1831408923864364
1.1541832613945007
1.2068284785747527
1.187282572388649
1.1932428282499314
1.1848477256298064
1.19664686024189
1.2003553181886673
1.1864067590236664
1.1731276923418046
1.1877208495140075
1.1784510654211044
1.1930045276880263
1.1928064745664597
1.1809623116254806
1.186190133690834
1.1866691184043885
1.1853747898340226
1.1753977942466736
1.1789623415470123
1.1872471207380295
1.185326681137085
1.201520516872406
1.1959213095903396
1.2119021892547608
1.1717867094278336
1.202634116411209
