3.6560630798339844
3.1510929656028748
3.093314564228058
3.0399318766593932
3.017070496082306
3.035532274246216
3.0435229444503786
3.2587454319000244
2.9597161555290223
2.9361856603622436
2.93425922870636
2.9551645708084107
2.9375779128074644
2.9666479802131653
2.8403778076171875
2.8805203866958617
2.8544525957107543
2.859369258880615
2.868297610282898
2.866171808242798
2.8575762701034546
2.740352153778076
2.758149309158325
2.7547676491737367
2.8091708779335023
2.774361548423767
2.7771780705451965
2.7590782618522645
2.717369556427002
2.658663191795349
2.645399158000946
2.6895041847229004
2.7044377636909487
2.6705985641479493
2.713865535259247
2.621431350708008
2.5399789333343508
2.551360352039337
2.5892358112335203
2.6021199560165407
2.585816009044647
2.5826497364044187
2.310204029083252
2.4369502449035645
2.4300466060638426
2.478754153251648
2.4726093363761903
2.5020415139198304
2.5348593258857726
2.112640857696533
2.238946081399918
2.168158801794052
2.155537301301956
2.162166097164154
2.1694123375415804
2.131339963674545
1.9730558395385742
2.0952838587760927
2.0714839577674864
2.091463998556137
2.0686514484882355
2.0784623289108275
2.0741648173332212
2.2135324478149414
1.9827568423748017
2.0389915347099303
2.007946914434433
2.00282613158226
2.031759877204895
2.004508099555969
1.8677431344985962
1.9476017546653748
1.9394781017303466
1.938216164112091
1.9700390207767486
1.9444611370563507
1.9660851013660432
1.8671367168426514
1.8999327158927917
1.881661982536316
1.9213271844387054
1.9065333592891693
1.9207171964645386
1.8874742817878722
1.8177556991577148
1.8301685106754304
1.838947583436966
1.86305313706398
1.848904082775116
1.8702298772335053
1.867520878314972
1.6857273578643799
1.7963238751888275
1.793117001056671
1.8010205340385437
1.819167022705078
1.8062900984287262
1.8540086698532106
1.8816347122192383
1.7394776082038879
1.7129013228416443
1.7287703239917755
1.714584538936615
1.7124068188667296
1.7171001946926117
1.6416668891906738
1.7059776175022126
1.7052593111991883
1.6853596246242524
1.687092089653015
1.7189847683906556
1.712097942829132
1.8036763668060303
1.6924444401264191
1.7039229130744935
1.668535840511322
1.6979735708236694
1.6745082771778106
1.6921514928340913
1.6003687381744385
1.6695271933078766
1.676790566444397
1.6487455725669862
1.6787262153625488
1.69722722530365
1.6721801018714906
1.7577331066131592
1.659050816297531
1.6598175430297852
1.6572476029396057
1.671341713666916
1.6288514828681946
1.6890592622756957
1.5805985927581787
1.6718561601638795
1.6230863440036774
1.6757627940177917
1.632711431980133
1.6482345843315125
1.676433298587799
1.6800036430358887
1.6637442541122436
1.638367931842804
1.6471656584739685
1.6498585379123687
1.645217366218567
1.6345584297180176
1.6238322257995605
1.6083148193359376
1.6425154542922973
1.6237209916114808
1.6173551630973817
1.6135423231124877
1.6485976421833037
1.515148401260376
1.6321776616573334
1.6263874197006225
1.6326576828956605
1.6326104760169984
1.6281316673755646
1.6093152177333832
1.633829951286316
1.631156426668167
1.639165142774582
1.6107541501522065
1.6221342813968658
1.6026791262626647
1.629685299396515
1.6367766857147217
1.6135572946071626
1.5885472452640534
1.6267849719524383
1.627446359395981
1.6207924509048461
1.6207870614528657
