1.523864984512329
1.3829923975467682
1.348079125881195
1.3360911953449248
1.3287637865543365
1.3316935288906098
1.3214041578769684
1.3222277891635894
1.3047367119789124
1.2596747875213623
1.3000884747505188
1.2973720121383667
1.293009305000305
1.2868049454689026
1.2890170407295227
1.2849381792545318
1.292175862789154
1.287648195028305
1.2326518297195435
1.2773065555095673
1.2695452296733856
1.2624253976345061
1.2602564442157744
1.2577359724044799
1.248374835252762
1.2480011141300202
1.2721363735198974
1.2776637077331543
1.2551371729373932
1.2467995250225068
1.2501563549041748
1.2600128257274628
1.254131487607956
1.2515116441249847
1.2551150858402251
1.2504235756397248
