3.6996636390686035
3.1774426078796387
3.111605532169342
3.0779385232925414
3.0333969140052797
3.006160628795624
3.0137860584259033
2.9989700317382812
2.9547610664367676
2.9544341206550597
2.9522395277023317
2.9387908744812012
2.951491348743439
2.9531600952148436
2.9186646938323975
2.8591291522979736
2.8316822123527525
2.880303282737732
2.8825612759590147
2.8588926815986633
2.855492775440216
2.495781421661377
2.7724209809303284
2.797169413566589
2.778532350063324
2.77232754945755
2.7656912851333617
2.7865781593322754
2.8767900466918945
2.667801296710968
2.6669845271110533
2.6910486793518067
2.685811445713043
2.687583284378052
2.7034897875785826
2.5605034828186035
2.4705123698711393
2.4566998887062073
2.4795771837234497
2.469738070964813
2.498717501163483
2.451409285068512
2.4445533752441406
2.3522674465179443
2.3649507784843444
2.330738134384155
2.3535712718963624
2.379972321987152
2.3721866595745085
2.531761884689331
2.24173481464386
2.249517073631287
2.2565905594825746
2.269490176439285
2.2778731858730317
2.277403439283371
2.099769353866577
2.106070716381073
2.1633099591732026
2.2112137043476103
2.171954483985901
2.1715510272979737
2.2192039823532106
2.0923614501953125
2.0653715813159943
2.0812216341495513
2.0695807492733
2.0894972455501555
2.098985607624054
2.090935870409012
2.0732460021972656
1.9193807661533355
1.8932850396633147
1.9002356147766113
1.9064790570735932
1.9071372520923615
1.9103916656970978
2.017512798309326
1.8249440228939056
1.8056259894371032
1.835801512002945
1.8503350257873534
1.8626344168186189
1.8391692316532136
2.0601344108581543
1.783218424320221
1.7752910697460174
1.7863481974601745
1.7720779752731324
1.7803283381462096
1.7924025011062623
1.5598859786987305
1.7007562935352325
1.7259178125858308
1.7159823596477508
1.7687002325057983
1.7396361386775971
1.7745019006729126
1.7082425355911255
1.6670968294143678
1.7012055718898773
1.7037732768058778
1.683805147409439
1.719321438074112
1.714231368303299
1.664565920829773
1.6351931715011596
1.5882673048973084
1.62788156747818
1.6235902559757234
1.6100565087795258
1.6224696564674377
1.6137657165527344
1.572430249452591
1.5951267087459564
1.583305377960205
1.591686395406723
1.5856630170345307
1.5654024469852448
1.6048921346664429
1.5585514569282533
1.5789155209064483
1.5756653046607971
1.560276861190796
1.5541746830940246
1.5517224013805389
1.5324848890304565
1.5466743564605714
1.5561877036094665
1.5413659131526947
1.5562489008903504
1.5445144045352937
1.5410404527187347
1.5441827774047852
1.507093119621277
1.5043190431594848
1.5401906836032868
1.5237538540363311
1.5334241116046905
1.5465998446941376
1.403597116470337
1.4914403796195983
1.4886605799198152
1.4820386898517608
1.4908738076686858
1.4924487328529359
1.4866746425628663
1.67466139793396
1.4594103729724883
1.4928447103500366
1.4605120289325715
1.4727144277095794
1.4791257965564728
1.4741538727283479
1.634150743484497
1.4461158776283265
1.4832137680053712
1.464960366487503
1.4685017621517182
1.4619647872447967
1.460271406173706
1.40493905544281
1.4368835240602493
1.4666913509368897
1.4669243848323823
1.4520619750022887
1.4489349114894867
1.4631447887420654
1.3969885110855103
1.437139035463333
1.4524829351902009
1.4663369512557984
1.449159606695175
1.4551377832889556
1.4430794155597686
