0.7126238346099854
0.6818479627370835
0.6844877725839615
0.6608235001564026
0.6642154437303543
0.6598629927635193
0.6497065263986588
0.6464238142967225
0.6591454344987869
0.6494808495044708
0.6466526293754578
0.6462898907065392
0.6475843596458435
0.6434604215621949
0.6419148695468903
0.6469611495733261
0.6470159292221069
0.6490702691674233
0.6400323691964149
0.6383868029713631
0.5584642291069031
0.6368703225255012
0.6344519791007042
0.610972144305706
0.6508820831775666
0.6217291417717934
0.6279856923222542
0.6421133917570114
0.63361034065485
0.6370740297436714
0.6278947606682778
0.6238103234767913
0.6317420497536659
0.6324528262019158
0.6328290921449661
0.6314909794926643
0.629721964597702
0.6210142502188682
0.619430641233921
0.6249340131878853
0.5498017072677612
0.6186390471458435
0.6136075168848037
0.6010954686999321
0.6074293333292008
0.6089713606238365
0.6099389636516571
0.6073609772324562
0.6026699474453926
0.6077813178300857
0.5948729881644249
0.6048585516214371
0.5983119049668312
0.5889092949032784
0.5941474044322967
0.5935829073190689
0.6105426904559136
0.5983354312181473
0.6108081373572349
0.591249894797802
0.6269853711128235
0.6037060678005218
0.5994712084531784
0.5930581811070442
0.6093657338619232
0.60236483335495
0.6119221764802932
0.5918131378293038
0.5935408714413642
0.6011460754275322
0.5946685710549354
0.5807030382752418
0.6080197903513909
0.5882377749681473
0.5929237297177314
0.5919594529271126
0.5969830605387688
0.6027918088436127
0.6001567783951759
0.5932965067028999
0.6594303846359253
0.598677425980568
0.5857204693555832
0.6014000198245049
0.583970987200737
0.6028308665752411
0.5844981184601784
0.5830815240740777
0.5913382044434548
0.6117327851057053
0.590568365752697
0.5929334199428559
0.6001514029502869
0.5946297800540924
0.5934458044171333
0.6074510711431503
0.6016513004899025
0.6025610983371734
0.5968913951516152
0.5950424000620842
