4.095638275146484
3.2183506894111633
3.144032459259033
3.1389590311050415
3.12724529504776
3.1521893310546876
3.1110424613952636
3.3545737266540527
3.068194432258606
3.0900069427490235
3.111657428741455
3.121745388507843
3.0730503511428835
3.0991257667541503
2.970508098602295
3.07201224565506
3.074247887134552
3.0613334703445436
3.0551364111900328
3.064880840778351
3.0475577783584593
2.985159397125244
3.0377954864501953
3.0295661163330077
3.0438631629943846
3.034322316646576
3.0334404635429384
3.0533040046691893
3.3759682178497314
3.040683352947235
2.9839454174041746
3.01989426612854
3.033694770336151
3.008556969165802
3.005658359527588
2.9156856536865234
2.9975546646118163
2.9738555455207827
3.022568635940552
3.008769314289093
2.9567377519607545
3.0025257062911987
2.834658622741699
2.9538180303573607
2.961574592590332
2.985969705581665
2.979015462398529
2.9661264181137086
2.995578987598419
2.847557544708252
2.925926625728607
2.9278493881225587
2.9357683086395263
2.920679430961609
2.914844331741333
2.9402207016944883
3.0215091705322266
2.9199582171440124
2.9142437958717347
2.9227310538291933
2.9133092832565306
2.917276382446289
2.9114432382583617
2.571112632751465
2.9048703050613405
2.8989627027511595
2.934786856174469
2.896037905216217
2.917085132598877
2.908642258644104
3.145505428314209
2.9097553634643556
2.893483066558838
2.87027562379837
2.882069125175476
2.9046969413757324
2.949114594459534
3.1134421825408936
2.877716557979584
2.882050130367279
2.889506530761719
2.8978626894950867
2.890605354309082
2.9167537927627563
2.9244983196258545
2.9104527187347413
2.887158205509186
2.8711256790161133
2.8586844491958616
2.8847512722015383
2.88047233581543
2.8480987548828125
2.8470473384857176
2.859236912727356
2.8768341660499575
2.9014091372489927
2.8877522253990175
2.880267324447632
2.990738868713379
2.8821694827079773
2.8713656568527224
2.8454563093185423
2.885441150665283
2.8580364274978636
2.8291151785850523
