3.7387852668762207
3.473622615337372
3.4449307703971863
3.361975564956665
3.3349906182289124
3.365043747425079
3.346112997531891
3.3222125291824343
3.323223395347595
3.3270967984199524
3.312181375026703
3.340838980674744
3.3187879848480226
3.271841881275177
3.24760294675827
3.3404572415351867
3.247535128593445
3.3194192624092103
3.344563615322113
3.3165293741226196
3.2607470083236696
3.2728036308288573
3.1992688274383543
3.311508791446686
3.2429156517982483
3.331383235454559
3.280886766910553
3.2979184579849243
3.285647430419922
3.2811680912971495
3.2693494749069214
3.2676515865325926
3.2927556300163268
3.248583905696869
3.497252941131592
3.260705852508545
3.170449049472809
3.2493388271331787
3.2601890754699707
3.2626554417610167
3.232428946495056
3.2167236852645873
3.1639478516578676
3.1838538527488707
3.247532548904419
3.248004376888275
3.1968186044692994
3.207993712425232
3.19585727930069
3.253592085838318
3.223625898361206
3.2738445019721985
3.2314720582962035
3.232781693935394
3.2337561893463134
3.2595008397102356
3.2307573056221006
3.2031272792816163
3.2215671515464783
3.2166647028923037
3.2403340101242066
3.247988810539246
3.188182444572449
3.1678840112686157
3.1788286924362184
3.2211741542816164
3.2749263215065003
3.1491972279548643
3.1755805015563965
3.226247401237488
3.1885651898384095
3.17041357755661
3.2419007992744446
3.1608580803871154
3.1913800191879274
3.1599498915672304
3.187932059764862
3.1863500928878783
3.152692415714264
3.134978487491608
3.188419964313507
3.1794713354110717
3.182129123210907
3.1467943572998047
3.1751882314682005
3.1685113501548767
3.1720443177223205
3.162641248703003
3.1389307236671447
3.181202414035797
3.114131262302399
3.122205653190613
3.096461410522461
3.0975082874298097
3.152156345844269
3.151194741725922
3.1332733273506164
3.205489754676819
3.170072476863861
3.143351140022278
3.1811191725730894
3.1723572516441347
3.460103988647461
3.07647611618042
3.08039684176445
3.11331022977829
3.066230070590973
3.128929054737091
3.0752968049049376
3.0905120730400086
3.120919499397278
3.0641373324394228
3.0864500284194945
3.102688705921173
3.1442599582672117
3.1104488945007325
3.062134599685669
3.0933666944503786
3.061723325252533
3.081708617210388
3.1361929082870486
3.1029524922370912
3.1420292615890504
3.1200026226043702
3.144368612766266
3.1067145037651063
3.1295306158065794
3.098956243991852
3.0996260833740235
3.129594581127167
3.1364625525474548
3.085063252449036
3.1028226113319395
3.0817706823349
3.1144057440757753
3.1119568157196045
2.9686522483825684
2.954432966709137
2.9768356394767763
3.028882396221161
3.0088470697402956
3.0233694672584535
2.9965705370903013
3.016528995037079
3.049352693557739
3.0716544008255005
2.9961695003509523
2.950698421001434
3.0511355805397034
3.001734597682953
3.02715594291687
3.066058287620544
3.046671979427338
3.011034440994263
3.0566131329536437
3.0206622767448423
3.044931347370148
3.0811487936973574
3.0969364738464353
3.076537027359009
3.033887882232666
3.0683061122894286
2.969816744327545
3.0569774544239046
3.0739734745025635
3.0573265194892882
3.040332691669464
3.0239943838119507
3.009703378677368
2.990743622779846
2.6142163276672363
2.890886516571045
2.8162319540977476
2.873358817100525
2.8886969184875486
2.7992474842071533
2.8432235383987425
2.825753107070923
2.8498156785964968
2.8450828075408934
2.819560935497284
2.806046351194382
2.8335362815856935
2.8034818267822263
2.8322930669784547
2.8817894291877746
2.8323033928871153
2.814401068687439
2.8793484246730805
2.8593433475494385
2.8747842288017273
2.834887373447418
2.84187628030777
2.8283308148384094
2.8349690771102907
2.86013126373291
2.875997631549835
2.8093719935417174
2.838845715522766
2.8067578077316284
2.834476201534271
2.837357943058014
2.8043561816215514
2.8729044008255005
2.3900370597839355
2.651939115524292
2.716700603961945
2.710282155275345
2.7223358821868895
2.622127801179886
2.7133885550498964
2.6729888021945953
2.728910193443298
2.6564445126056673
2.697052000761032
2.7067480540275572
2.739083286523819
2.7941817378997804
2.746695382595062
2.7963565480709076
2.7265788173675536
2.7331687355041505
2.7317845916748045
2.7059747123718263
2.724034795761108
2.7148484146595
2.7595597386360167
2.768306336402893
2.7243190789222718
2.7283589017391203
2.6815332174301147
2.7468621158599853
2.751916780471802
2.731329200267792
2.748357642889023
2.710738513469696
2.7557043409347535
2.722158815860748
2.5846445560455322
2.5428791427612305
2.5614031088352203
2.526590645313263
2.559189871549606
2.5571220898628235
2.583089598417282
2.546539124250412
2.5390554797649383
2.59540132522583
2.5138043534755705
2.623163298368454
2.512807151079178
2.6299265122413633
2.6067720293998717
2.6159746718406676
2.615308727025986
2.584983986616135
2.5946796119213102
2.570424945354462
2.6441626989841462
2.629904808998108
2.612833970785141
2.667685778141022
2.57724352478981
2.6035396814346314
2.611345652341843
2.6194807851314543
2.639310064315796
2.6017386221885683
2.5990685427188875
2.6626039958000183
2.5882767844200134
2.6089179909229276
2.819629192352295
2.4028470766544343
2.384884182214737
2.4348578238487244
2.389911494255066
2.4309923124313353
2.40240584731102
2.402050369977951
2.4571907246112823
2.411897211074829
2.40434063911438
2.428691886663437
2.4479994916915895
2.465078237056732
2.456708891391754
2.434709607362747
2.478327896595001
2.454882481098175
2.4638912296295166
2.4193354940414427
2.461203428506851
2.407800238132477
2.4928633248806
2.4414099287986755
2.4563132739067077
2.50643429517746
2.532038255929947
2.4723134541511538
2.5066949832439422
2.531141048669815
2.44550883769989
2.475575416088104
2.5444012367725373
2.5176768469810487
2.336979866027832
2.2894377744197847
2.240304381847382
2.2132349479198457
2.2746011245250704
2.2667897033691404
2.274252635240555
2.3067627704143523
2.2493805539608003
2.3487678956985474
2.2592661130428313
2.287977795600891
2.271723212003708
2.3210023736953733
2.382613935470581
2.297820192575455
2.3199639177322386
2.3008722746372223
2.261175090074539
2.3363261902332306
2.3193870437145234
2.342343772649765
2.3674506878852846
2.410226271152496
2.280748039484024
2.371207708120346
2.3751908564567565
2.325526365041733
2.3788273310661316
2.2843254685401915
2.3893105614185335
2.31475145816803
2.3346843314170838
2.4043018543720245
1.6613969802856445
2.151683512926102
2.0113382077217103
1.9542988049983978
1.9935799050331116
1.9491302073001862
1.9514940798282623
1.9841690182685852
1.9825740683078765
1.905532648563385
1.9100491869449616
1.9868821489810944
1.96484934091568
1.980744731426239
1.9077853429317475
1.9759093964099883
1.9297241103649139
1.9554429590702056
1.9095933896303177
1.9986292469501494
1.9082769119739533
1.975590592622757
1.9511770570278169
1.951239403486252
1.9718231189250945
2.0071849048137667
1.981148633956909
1.9753017961978911
1.9516475355625154
1.9501513135433197
2.0229052102565763
1.9467525124549865
1.9908483624458313
2.0323298597335815
1.5001702308654785
1.707704679965973
1.7885218632221223
1.7529516792297364
1.777565577030182
1.8372855794429779
1.8077034509181977
1.776775186061859
1.796761835217476
1.7713662898540496
1.8040630507469178
1.8428820836544038
1.7853698217868805
1.8067298924922943
1.7893742656707763
1.7829138398170472
1.7557445251941681
1.832949474453926
1.8340333366394044
1.8184790337085723
1.830971828699112
1.773337152004242
1.8073434925079346
1.787025420665741
1.8354198920726776
1.82138441324234
1.8426743173599243
1.8044886302947998
1.8010243117809295
1.8362854838371276
1.7937481451034545
1.8362428212165833
1.8257091069221496
1.7904389655590058
1.880278468132019
1.659498665332794
1.693755476474762
1.6538275468349457
1.6839877688884735
1.6758603167533874
1.6684463840723038
1.6682367718219757
1.6705966341495513
1.66068976521492
1.720884360074997
1.6542225122451781
1.6907238292694091
1.7197511720657348
1.6680956548452377
1.7329973542690278
1.693005599975586
1.6785995173454284
1.698703955411911
1.7141939556598664
1.7274764692783355
1.6900736021995544
1.7430189394950866
1.6981117796897889
1.6614668297767639
1.7288645946979522
1.679897735118866
1.702114760875702
1.7434298568964004
1.710298901796341
1.6857972514629365
1.7557675385475158
1.7503732681274413
1.7797710812091827
1.947796106338501
1.5637092590332031
1.5543943381309508
1.6073762321472167
1.5764501106739044
1.5613548266887665
1.5303823912143708
1.5942536634206772
1.6033473312854767
1.5997367179393769
1.5609435176849364
1.6095139706134796
1.6046591472625733
1.6024107885360719
1.657984058856964
1.5737314635515214
1.5489650392532348
1.6537453103065491
1.6242298328876494
1.6422921419143677
1.6111847257614136
1.6479327887296678
1.5952669942378999
1.6040076577663422
1.6080273801088334
1.591783971786499
1.6608156490325927
1.633209468126297
1.651215077638626
1.6279956847429276
1.6498821115493774
1.5879125225543975
1.6596964871883393
1.6436902749538422
1.8003346920013428
1.5903265076875686
1.5199850630760192
1.545579004883766
1.538327187895775
1.515818013548851
1.5612133526802063
1.4975120198726655
1.5603819060325623
1.517291190624237
1.5492900341749192
1.467990167737007
1.5041248029470444
1.54008141040802
1.4981982958316804
1.5687286508083345
1.5569554245471955
1.5515178799629212
1.5416485279798509
1.5032770729064941
1.5240069848299027
1.518195422887802
1.586943620443344
1.5578911483287812
1.5215697491168976
1.549865842461586
1.5234985363483429
1.5729411524534225
1.606955759525299
1.6112341976165772
1.546869089603424
1.5832429111003876
1.5469216537475585
1.5280503749847412
1.2505813837051392
1.4691709971427918
1.4491401678323745
1.3756786346435548
1.3688377827405929
1.3961442303657532
1.4339129942655564
1.426810240149498
1.4003570705652237
1.383035465478897
1.4254578125476838
1.3901003402471543
1.356400893330574
1.4388701051473618
1.394970840215683
1.4160314667224885
1.3715154421329498
1.3785450023412704
1.3805813384056091
1.3730372452735902
1.4501149535179139
1.4024839705228807
1.4085686028003692
1.3910259741544724
1.3832800394296647
1.3848638832569122
1.3771772080659865
1.3718649250268937
1.3418283355236054
1.401536105275154
1.3831718760728835
1.3934409785270692
1.3575194382667541
1.3813348454236984
1.4132616519927979
1.2742225056886674
1.2908128964900971
1.331793259382248
1.2874241894483567
1.2858056426048279
1.3315163296461106
1.2655138319730759
1.3315193021297456
1.3253529006242752
1.296477149128914
1.31112659573555
1.305272201895714
1.2727497339248657
1.3448268443346023
1.3016805797815323
1.2818867111206054
1.3153326570987702
1.3307890486717224
1.3252672600746154
1.2962989580631257
1.3065620100498199
1.2993636626005172
1.362843506336212
1.2915146750211717
1.312985291481018
1.3010806304216385
1.2958533072471619
1.294903730750084
1.3414253717660904
1.3399514216184616
1.333513738512993
1.2988867002725601
1.3067234987020493
1.4176852703094482
1.2552848911285401
1.255880932211876
1.2550454741716386
1.2929637396335603
1.280907091498375
1.2856943464279176
1.2872027438879012
1.2755083060264587
1.2576957428455353
1.3004018318653108
1.2429786121845245
1.2918785804510116
1.3151669669151307
1.2874781638383865
1.2638625663518905
1.2841319692134858
1.2796231764554977
1.263209485411644
1.256696235537529
1.2731949913501739
1.240888271331787
1.3040312016010285
1.2623159629106522
1.2555595552921295
1.2855346608161926
1.24170557141304
1.291249881386757
1.2743919360637666
1.3054405546188355
1.2934253269433975
1.2762776678800583
1.3071400690078736
1.3075823837518692
1.204925537109375
1.2514675498008727
1.2704276299476625
1.2679219442605971
1.2079928922653198
1.2893827533721924
1.2561252427101135
1.2555638241767884
1.2167031413316727
1.280883520245552
1.2323997277021408
1.2545610910654068
1.248513098359108
1.272213322520256
1.2722100174427033
1.2244608968496322
1.2607801449298859
1.2624863076210022
1.2476965242624283
1.255674079656601
1.2240194910764695
1.2554702740907668
1.260527464747429
1.2708483684062957
1.2813668870925903
1.2471042811870574
1.273535824418068
1.2762487190961838
1.254912993311882
1.277293468117714
1.2646811890602112
1.2774305880069732
1.243551030755043
1.2533928483724595
1.1491087675094604
1.2249488812685012
1.2255671960115433
1.2326102423667908
1.2320443326234818
1.2032348197698592
1.2255775260925292
1.2634653693437576
1.236091051697731
1.2565568691492082
1.273265496492386
1.2479969847202301
1.2148800325393676
1.232929396033287
1.2420752584934234
1.2105719190835953
1.2147531962394715
1.2363779991865158
1.2439085471630096
1.2774096763134002
1.2159353232383727
1.232187882065773
1.2450592136383056
1.1660868221521377
1.2355457311868667
1.2235212069749832
1.2628558599948883
1.2464488846063615
1.2345562106370926
1.272026867866516
1.2572240579128264
1.2711251378059387
1.2534155625104904
1.2242116224765778
1.3938143253326416
1.227209597826004
1.2094743365049363
1.1917109668254853
1.184074877500534
1.1551240646839143
1.2289364230632782
1.2137430369853974
1.2092685294151306
1.2193105715513228
1.1963750392198562
1.2237262529134751
1.1948865407705307
1.171829687356949
1.1927894294261931
1.1849327605962754
1.1949162316322326
1.2088302314281463
1.1899694567918777
1.2111175519227981
1.1848100328445434
1.2051614105701447
1.2098377966880798
1.182296802997589
1.2234219193458558
1.2084360384941102
1.2070902478694916
1.2065690010786057
1.2101478946208954
1.1687955832481385
1.167826327085495
1.2046621429920197
1.1981689655780792
1.1968827277421952
1.3464350700378418
1.143991550207138
1.1613322275876998
1.1706514739990235
1.200057030916214
1.1903170788288115
1.1443212282657624
1.1540564692020416
1.1807707226276398
1.1501880115270615
1.1631139051914214
1.1639127910137177
1.1643980544805528
1.1788777136802673
1.1498230028152465
1.151288342475891
1.1384530091285705
1.1760039722919464
1.1294752645492554
1.131035690307617
1.1674660032987594
1.1515246152877807
1.1382646107673644
1.1674806833267213
1.1519167470932006
1.19846231341362
1.1794262969493865
1.16192983686924
1.176277946829796
1.1889975571632385
1.1595166915655135
1.1960521745681763
1.1503302818536758
1.1548443478345871
0.9813138246536255
1.1738232624530793
1.1517459374666215
1.1529577642679214
1.1437535095214844
1.1626060390472412
1.1626436185836793
1.1519767099618912
1.1515529888868332
1.1658220791816711
1.1723698908090592
1.1433914983272553
1.1740175765752792
1.14835131585598
1.1347540038824082
1.139898248910904
1.153425283432007
1.1443595069646835
1.1254445272684097
1.2126711428165435
1.1459584736824036
1.1440331256389618
1.1756520420312881
1.131195558309555
1.168131439089775
1.1569288510084152
1.1560977947711946
1.158750092983246
1.1488565009832383
1.1838014245033264
1.1700279903411865
1.1626365339756013
1.1748322874307633
1.1415224874019623
1.2608669996261597
1.152610914707184
1.1392624938488007
1.1489068686962127
1.1513098567724227
1.1563534408807754
1.1571114003658294
1.1440032362937926
1.155675243139267
1.1408530002832413
1.1595948612689972
1.1471439987421035
1.1500348591804503
1.1347207736968994
1.1633971917629242
1.147890333533287
1.14273442029953
1.1514388400316238
1.1678204768896103
1.1543236368894576
1.143622190952301
1.1297255593538285
1.1559054458141327
1.146475582718849
1.1655210894346237
1.1477997761964798
1.1252399587631225
1.165787798166275
1.1442030662298202
1.1491976565122604
1.129660353064537
1.1479323941469193
1.1481770199537278
1.1720273363590241
0.9628602266311646
1.1246372026205063
1.1571359825134278
1.1600120252370834
1.1606189316511155
1.1252034229040146
1.098342451453209
1.1608924210071563
1.131286519765854
1.1695680516958236
1.1364708894491196
1.1829481881856918
1.1318023878335952
1.1440567249059677
1.1335653567314148
1.1297648245096206
1.1168941527605056
1.1535741627216338
1.1652135568857194
1.1325241178274155
1.1312676233053207
1.1739311611652374
1.1326340848207475
1.12649747133255
1.1513293474912643
1.149248367547989
1.1391496455669403
1.1606817942857743
1.1256133496761322
1.163355005979538
1.1223822152614593
1.1675450479984284
1.125067668557167
1.1431648826599121
