1.4613584280014038
1.390854915380478
1.3636676263809204
1.3482539141178131
1.3190200054645538
1.3117495810985564
1.3193787515163422
1.3042071664333343
1.283850988149643
1.278038489818573
1.2804114890098572
1.2744670033454895
1.2653765344619752
1.2494363433122635
1.266339494585991
1.2614439594745637
1.2705726397037507
1.281721252799034
1.2390774691104889
1.2779714733362197
1.23911326110363
1.2393536508083343
1.2702148044109345
1.2681494653224945
1.2495460963249208
1.2261637645959853
1.2080855512619018
1.2328699243068695
1.2352602559328079
1.2090770936012267
1.2544986772537232
1.2164005410671235
1.2108144438266755
1.296872615814209
1.2095877426862716
1.1773010212183
1.1970514786243438
1.199388845562935
1.1880087184906005
1.204119730591774
1.2145863854885102
1.2111023312807083
1.1941121327877045
1.1892201167345047
1.1939435386657715
1.1905729055404664
1.2167622864246368
1.2031215173006058
1.1997436046600343
1.1944828456640244
1.1876577925682068
1.2008812057971954
1.2177221715450286
1.1751200479269028
1.2007197701931
1.1857697850465774
1.1714702481031418
1.1827464920282365
1.2036737179756165
1.1875855892896652
1.1815475648641587
1.196340172290802
1.1719780510663986
1.1712660211324692
1.176484056711197
1.1681453561782837
0.9618621468544006
1.174666850566864
1.1197894138097764
1.1112709850072862
1.096238380074501
1.0890119403600693
1.0882911109924316
1.0772379642724992
1.0837277442216873
1.053981369137764
1.0946517181396485
1.0487636697292329
1.0778804206848145
1.0763401234149932
1.076860402226448
1.1009505999088287
1.0699102741479873
1.0503024119138717
1.0727089250087738
1.088711069226265
1.07048355281353
1.0457161253690719
1.08556460916996
1.055802937746048
1.0840089619159698
1.07695072889328
1.0771079850196839
1.0550962990522386
1.0518799811601638
1.045129253268242
1.032382140159607
1.0585264045000076
1.0507365763187408
1.2399508953094482
1.0626454985141753
1.0214934068918229
1.0717749941349028
1.0439541327953339
1.0211186850070952
1.0577646189928054
1.033409052491188
1.0494619035720825
1.0713585436344146
1.0554904961585998
1.072113265991211
1.0406984049081802
1.026148663163185
1.0135337734222412
1.0741514050960541
1.031447182893753
1.0409228891134261
1.042090018391609
1.042626324892044
1.044546555876732
1.0380783832073213
1.0243233168125152
0.9942683970928192
1.0478812831640243
1.0427786523103715
1.0308252602815628
1.0448548525571824
1.018423143029213
1.0504691684246064
1.0080939215421676
1.0539482980966568
1.029294289946556
