3.58514404296875
3.1909394097328185
3.1539888191223144
3.124283790588379
3.1424648714065553
3.092464325428009
3.1125162768363954
3.096771001815796
3.071609239578247
3.096628952026367
3.0715494918823243
3.099059295654297
3.054370787143707
3.0709786891937254
3.171463966369629
3.0708339548110963
3.054909291267395
3.0342789268493653
3.036406984329224
3.0537509298324585
3.035789415836334
2.8368327617645264
3.0517638969421386
3.018688156604767
3.0062414741516115
3.0296840357780455
3.036662187576294
3.0099568223953246
3.1479673385620117
3.0112584376335145
2.984136025905609
2.9942012667655944
3.0051465606689454
2.9936133861541747
2.9975729823112487
3.2121992111206055
2.965129508972168
2.95027174949646
2.9760049033164977
2.9530144810676573
2.952618718147278
2.9829914283752443
2.8683717250823975
2.9422544550895693
2.969971787929535
2.953640971183777
2.933203687667847
2.9406399083137513
2.9572519993782045
3.100310802459717
2.9115689182281494
2.9293706250190734
2.940698380470276
2.931744375228882
2.945803165435791
2.9439956665039064
2.7985262870788574
2.902394022941589
2.9367457747459413
2.9234246158599855
2.909041531085968
2.9105927538871765
2.922152030467987
2.6283469200134277
2.8957850313186646
2.8763424158096313
2.915656418800354
2.904039037227631
2.903448326587677
2.91330082654953
2.7386646270751953
2.853557300567627
2.8796653604507445
2.8771301555633544
2.8816216731071473
2.881303460597992
2.8664168906211853
2.690664768218994
2.8626060247421266
2.871179976463318
2.873900809288025
2.852962701320648
2.860981855392456
2.859768168926239
3.100551128387451
2.8543956685066223
2.8662022137641907
2.8392736291885377
2.852605140209198
2.8480253052711486
2.8426762771606446
2.8919525146484375
2.8487200713157654
2.8441042256355287
2.8439751839637757
2.836390662193298
2.8276304459571837
2.8484545135498047
2.7760086059570312
2.8288364362716676
2.8049167799949646
2.8324466443061826
2.8306544828414917
2.8275789284706114
2.845010154247284
2.6806130409240723
2.808792130947113
2.771717827320099
2.814956617355347
2.821121232509613
2.814325518608093
2.79710658788681
2.680483818054199
2.787680859565735
2.789626519680023
2.801270914077759
2.826104166507721
2.8126541066169737
2.7946016645431517
2.776371717453003
2.783932204246521
2.8145332598686217
2.763776364326477
2.7896137762069704
2.8038722467422486
2.8067736768722535
2.7897651195526123
2.8093365740776064
2.7707138061523438
2.8091972970962527
2.7646260547637937
2.80203724861145
2.7783603954315184
2.86366605758667
2.782575104236603
2.7551340579986574
2.7844376492500307
2.76051114320755
2.778597745895386
2.810524504184723
2.7398736476898193
2.742448801994324
2.7802426195144654
2.8007976174354554
2.7641238284111025
2.7738751482963564
2.764756565093994
2.7156083583831787
2.746837794780731
2.750278286933899
2.781211621761322
2.768339011669159
2.7671686458587645
2.752779793739319
2.9314842224121094
2.7522733998298645
2.775855185985565
2.761595048904419
2.735799107551575
2.7583138012886046
2.768403923511505
2.564478635787964
2.767383236885071
2.744631066322327
2.791183867454529
2.724245171546936
2.7475388741493223
2.7506361293792723
2.8628122806549072
2.756634886264801
2.742482204437256
2.7535174822807313
2.74953458070755
2.732699041366577
2.779365725517273
