1.3796093463897705
1.2840022611618043
1.204989137649536
1.1629745435714722
1.1404146802425386
1.138904944062233
1.1159392023086547
1.101839233636856
1.0901498717069626
1.0127966403961182
0.983561378121376
0.9872856515645981
0.9741373938322068
0.9643866723775864
0.988809916973114
0.9664038616418839
0.9581987649202347
0.9324311792850495
0.874297022819519
0.7724655896425248
0.7502016162872315
0.7416766315698624
0.7426870620250702
0.7279924541711807
0.7242804777622223
0.7264353495836258
0.7256680345535278
0.833960771560669
0.7156201672554016
0.6995164543390274
0.7041898539662361
0.6990473902225495
0.6992454701662063
0.6969058382511139
0.7043326556682586
0.6796639603376389
