1.3926408290863037
1.3444207537174224
1.2916016280651093
1.2692942214012146
1.2652525532245635
1.2447735345363617
1.2139093136787416
1.2105892622470855
1.1921599328517913
1.0973548889160156
1.161550350189209
1.1586788940429686
1.1440121454000474
1.150555527806282
1.161193151473999
1.1350172930955886
1.1214531409740447
1.1251637440919877
1.2694454193115234
1.0396141397953034
1.0343402951955796
1.027898365855217
1.0193539583683013
1.0004886019229888
1.0052635037899018
0.9950409024953842
0.9865166234970093
0.9760686159133911
0.9960751485824585
0.9934184187650681
0.9705188059806824
0.970229502916336
0.9911765402555466
0.9757712978124619
0.9696591591835022
0.9823361974954605
