1.375243902206421
1.3552362048625946
1.3252583026885987
1.3257796490192413
1.3109067928791047
1.3138141524791718
1.3176243662834168
1.3116515851020814
1.3022757518291472
1.309423997402191
1.3008770000934602
1.2936200845241546
1.2720363807678223
1.2829369401931763
1.2975213527679443
1.3049779057502746
1.298224847316742
1.3114717757701875
1.2707978355884553
1.2979279792308807
1.2684585094451903
1.2732373136281967
1.2771551299095154
1.2817210447788239
1.2801292169094085
1.2688902878761292
1.2923056781291962
1.265965975522995
1.2832855796813964
1.2846345150470733
1.2830436956882476
1.2939207845926284
1.2832153147459031
1.3693712949752808
1.2533031225204467
1.2598292410373688
1.245237962603569
1.262956183552742
1.2693659418821335
1.246299386024475
1.2716071212291717
1.2449621081352233
1.2411028164625169
1.250677918791771
1.2562036210298537
1.2609662586450576
1.252261872291565
1.2699725949764251
1.2479233062267303
1.2344704592227935
1.2676824724674225
1.2399693071842193
1.2722157591581345
1.2381460052728652
1.249636423587799
1.2334670811891555
1.2511601811647415
1.2500283813476563
1.2713882744312286
1.2496684455871583
1.2377330541610718
1.2195903247594833
1.2419946885108948
1.2222160249948502
1.22884272813797
1.2434131914377213
1.1585201025009155
1.213366703391075
1.1837952852249145
1.2053983694314956
1.2094500172138214
1.2154912608861923
1.2025777351856233
1.2255930376052857
1.2069128781557084
1.2124233484268188
1.172819234728813
1.2106947791576386
1.1896935302019118
1.2101749455928803
1.212815861105919
1.2013047075271606
1.2154663801193237
1.195811449289322
1.2184406840801238
1.2228939235210419
1.19980129301548
1.2013871669769287
1.2054522681236266
1.2143810570240021
1.2133042949438095
1.2245748078823089
1.201071851849556
1.1952286183834075
1.184226421713829
1.1802511841058732
1.191837557554245
1.1869486713409423
1.1949388843774795
1.1767849922180176
1.2184266704320907
1.2026443952322006
1.217974442243576
1.2050879043340683
1.2023784440755845
1.2012703275680543
1.2076046025753022
1.2262252855300904
1.1866410851478577
1.2020299011468887
1.183837417960167
1.1874695420265198
1.1866910576820373
1.194291463494301
1.1966588813066483
1.204903976917267
1.187058419585228
1.2068425369262696
1.1754011011123657
1.1716490125656127
1.1959409260749816
1.172121412754059
1.239380499124527
1.1897516000270842
1.1771395832300187
1.1828656387329102
1.1669769018888474
1.1906178045272826
1.1614122760295869
1.1751524329185485
1.1989720392227172
1.1938372766971588
