3.6469593048095703
3.3891025948524476
3.333694882392883
3.351113955974579
3.339867000579834
3.322925717830658
3.3027744007110598
3.2998270177841187
3.3036700916290282
3.537722110748291
3.2855761742591856
3.2887014722824097
3.2728356981277464
3.259113783836365
3.280258905887604
3.2780734157562255
3.269613242149353
3.2687024903297424
3.3076274394989014
3.2558549785614015
3.2523827266693117
3.24616730928421
3.2513364005088805
3.2417037439346315
3.245171301364899
3.2406160688400267
3.2686990976333616
3.3860559463500977
3.2189601182937624
3.240511350631714
3.2523805117607116
3.238996503353119
3.213752284049988
3.2010375165939333
3.2276013851165772
3.2048358607292173
3.269672393798828
3.208498847484589
3.234753479957581
3.1951502561569214
3.205659716129303
3.213013083934784
3.2097460055351257
3.186409468650818
3.1892460417747497
3.1330926418304443
3.157584490776062
3.160769999027252
3.191435697078705
3.1621103620529176
3.187773847579956
3.1586381363868714
3.156862931251526
3.1703398180007936
2.8492515087127686
3.1609812593460083
3.1543874764442443
3.156915755271912
3.1546851778030396
3.1327938842773437
3.1476995658874514
3.157289032936096
3.1383658909797667
3.0071961879730225
3.156651487350464
3.1410197186470032
3.1362375521659853
3.1105038499832154
3.159875202178955
3.1063932371139527
3.134024369716644
3.1598106956481935
3.073005199432373
3.1200397038459777
3.1265507531166077
3.1147505593299867
3.1213588166236876
3.1442791962623597
3.1057205390930176
3.1180515265464783
3.148696517944336
3.14823579788208
3.106139650344849
3.099788489341736
3.098714761734009
3.1196235752105714
3.121650161743164
3.1369523572921754
3.096766457557678
3.1144141149520874
3.2429025173187256
3.1156614923477175
3.077627501487732
3.0675556564331057
3.0740414476394653
3.0838846945762635
3.064129605293274
3.0943865537643434
3.07162398815155
3.233978271484375
3.1075691199302673
3.045211329460144
3.0909235739707945
3.0767004537582396
3.041337809562683
3.0830216121673586
3.079748876094818
3.0485920524597168
2.903932571411133
3.0447092270851135
3.058510730266571
3.0730753111839295
3.0648583364486695
3.053394465446472
3.048749737739563
3.0851147198677062
3.0519425892829894
3.068571090698242
3.03932275056839
3.043416302204132
3.0484854435920714
3.0558332991600037
3.061974329948425
3.0498556661605836
3.0544916439056395
3.0507301235198976
2.811870574951172
3.0345596504211425
3.036636097431183
3.016304783821106
3.045471098423004
3.033850328922272
3.023040018081665
3.076987283229828
3.057574737071991
2.8887038230895996
3.0323706889152526
3.0269084763526917
3.0333946418762205
2.9907108044624326
3.030150730609894
3.012749047279358
3.0051882219314576
3.047436978816986
2.9067251682281494
3.0002937293052674
2.9938579964637757
3.0308223009109496
3.004890704154968
3.0366338062286378
3.018445370197296
3.0125709986686706
3.031208589076996
2.7045936584472656
3.023041517734528
2.999582681655884
3.0123929738998414
2.9918792462348938
3.0101777482032777
2.999671802520752
3.0075102925300596
3.0152188754081726
2.897542953491211
2.9621041679382323
3.005904722213745
3.03790696144104
3.0125819301605223
2.9979205107688904
3.0171382331848147
2.999774143695831
3.0055312418937685
3.050955295562744
3.0024575352668763
2.960607306957245
3.0029530930519104
3.015667517185211
3.000213267803192
3.000448980331421
2.986689417362213
2.9831017804145814
2.880793333053589
3.0043716406822205
2.960564384460449
2.9727217602729796
3.0064878392219545
2.9806887555122374
3.004949162006378
2.9870996069908142
2.970683174133301
2.7670435905456543
2.981522979736328
2.986217317581177
2.97165828704834
2.975286090373993
2.9690506196022035
2.957576777935028
2.986006634235382
2.981360464096069
3.249683380126953
3.0044878840446474
3.0054986310005187
2.968797628879547
2.972061667442322
2.941612415313721
2.9780208230018617
2.954733588695526
2.9671165251731875
2.8959431648254395
2.9985671162605287
2.955598032474518
2.9612470388412477
2.9538613080978395
2.990923647880554
2.9954304838180543
2.951207685470581
2.9712488293647765
3.0326528549194336
2.958982536792755
2.9559171199798584
2.9819841408729553
2.965933575630188
2.9627608323097228
2.970269269943237
2.9661498498916625
2.9643559288978576
