3.8466100692749023
3.1884376406669617
3.1597612166404723
3.1267997860908507
3.129766590595245
3.1229621958732605
3.1221409916877745
2.883549213409424
3.069473967552185
3.0755424070358277
3.0851098799705508
3.1007875990867615
3.0932429385185243
3.0748519277572632
3.270691394805908
3.0524734377861025
3.0354973340034483
3.060374083518982
3.0610037446022034
3.063872950077057
3.0530302691459656
3.076813220977783
3.013943314552307
3.0188850355148316
3.055212140083313
3.039103090763092
3.0246772241592406
3.030747175216675
3.1031558513641357
2.99066255569458
3.005163159370422
3.006443109512329
3.014064383506775
3.016386156082153
3.007935893535614
3.2395925521850586
2.969898202419281
2.9752487397193907
2.979660108089447
2.9871446800231936
2.9713140654563905
3.0061743688583373
3.4215946197509766
2.9766663241386415
2.9113754343986513
2.965488860607147
2.947876091003418
2.980818841457367
2.957358434200287
2.670448064804077
2.9196756958961485
2.915810046195984
2.902742235660553
2.893969988822937
2.901372609138489
2.924613604545593
2.847665786743164
2.8890926957130434
2.9041382908821105
2.9074470925331117
2.8683485913276674
2.8907336091995237
2.9231539368629456
2.7720577716827393
2.8668430995941163
2.8857608318328856
2.8943939089775084
2.8799721789360047
2.9058259558677673
2.9066683721542357
2.7798891067504883
2.8497649431228638
2.8955536890029907
2.886201567649841
2.9072113919258116
2.86715528011322
2.865082869529724
3.0030810832977295
2.8781280088424683
2.8732740306854248
2.8558411478996275
2.8495282626152036
2.8974108958244322
2.870870771408081
3.200329303741455
2.8558238887786866
2.861288585662842
2.8922479701042176
2.8649642944335936
2.8507571601867676
2.857777681350708
2.902822732925415
2.867152330875397
2.851194291114807
2.8554208731651305
2.851567325592041
2.841202178001404
2.8476652455329896
2.650409698486328
2.835197308063507
2.8372851395606995
2.8261345863342284
2.848100163936615
2.8317445707321167
2.842898414134979
2.6756277084350586
2.821656539440155
2.8216495728492736
2.8083181881904604
2.85103303194046
2.8698171401023864
2.8335238099098206
2.7338788509368896
2.8260415744781495
2.8283947491645813
2.8310163831710815
2.8516841387748717
2.832179396152496
2.8123310375213624
2.5689620971679688
2.835242450237274
2.840963971614838
2.814866094589233
2.823745973110199
2.8257677960395813
2.8251227235794065
2.778841018676758
2.8260970544815063
2.8267274713516235
2.7993401503562927
2.820744969844818
2.8538387846946716
2.82594473361969
2.849238634109497
2.8086676001548767
2.8346498227119445
2.826239011287689
2.809021189212799
2.826132130622864
2.8162093639373778
3.101219892501831
2.820019311904907
2.812915737628937
2.81170147895813
2.8338019704818724
2.809511251449585
2.8354398894309996
2.5892369747161865
2.8043847274780274
2.821136054992676
2.8146543645858766
2.7817216753959655
2.8482814502716063
2.826484405994415
3.0195274353027344
2.806358690261841
2.8201763343811037
2.8026065683364867
2.807071318626404
2.827790596485138
2.815988657474518
2.582247495651245
2.7953844022750856
2.828127284049988
2.846647801399231
2.802541320323944
2.8065227365493772
2.815876865386963
2.805396556854248
2.796726062297821
2.837801208496094
2.814755482673645
2.8335302090644836
2.8010624551773073
2.7948880767822266
