3.741720199584961
3.195193140506744
3.0987609314918516
3.037050416469574
3.050517637729645
3.036315815448761
2.9932785344123842
2.6199166774749756
2.944535703659058
2.979517471790314
2.9498127341270446
2.959273040294647
2.93627569437027
2.9226355218887328
2.8360559940338135
2.8749054670333862
2.8694487857818602
2.8660445332527162
2.8591025400161745
2.8577539706230164
2.843189127445221
2.7579734325408936
2.742651946544647
2.804689652919769
2.7825856471061705
2.7685521936416624
2.7557832646369933
2.786429386138916
2.866938591003418
2.6159085536003115
2.5841745495796205
2.5872814869880676
2.6004133558273317
2.570235848426819
2.5700423192977904
2.4882426261901855
2.468748412132263
2.498489718437195
2.4730405235290527
2.4833478713035584
2.4905098342895506
2.4965405368804934
2.187391757965088
2.379557501077652
2.370654355287552
2.3934715795516968
2.382154939174652
2.4059073340892794
2.396250466108322
2.256584644317627
2.2383475959300996
2.2796824061870575
2.2804224348068236
2.322610350847244
2.3220594894886015
2.318720155954361
2.3633055686950684
2.11115110874176
2.0947546482086183
2.116524909734726
2.122585322856903
2.0989499282836914
2.1101098859310152
2.0374796390533447
2.0006454479694367
2.040157721042633
2.0261991035938265
2.032045084238052
2.0564083862304687
2.0260102236270905
