3.797431468963623
3.277871398925781
3.1820373010635374
3.0778414845466613
3.180048725605011
3.1392377495765684
3.1474320840835572
3.096156039237976
3.169098160266876
3.1209685158729554
3.150817015171051
3.038884675502777
3.0262340998649595
3.017572944164276
3.0794312000274657
3.016675736904144
3.065731899738312
3.025239174365997
3.0232442831993103
3.0553144574165345
3.0503299236297607
2.9861154127120972
3.009234359264374
3.0427994251251222
2.9984039449691773
3.286400318145752
3.012437496185303
2.9453353261947632
2.951084096431732
2.9682448863983155
2.9537524342536927
3.022493555545807
2.9574512815475464
2.9723649883270262
2.9446238350868223
2.984859046936035
2.8976862621307373
2.9822862911224366
2.9270872855186463
2.9604023718833923
2.8858357524871825
2.9661952209472657
2.9540342617034914
2.8844549822807313
2.9373485922813414
2.9782966804504394
2.9007593822479247
2.9492552661895752
2.8958641362190245
2.916954457759857
3.2599549293518066
2.8573219990730285
2.8289828419685366
2.8174919199943544
2.754430742263794
2.7513498306274413
2.7255961322784423
2.7921763455867765
2.7578362429142
2.715088849067688
2.7135086071491243
2.708667746782303
2.723783841133118
2.7226306915283205
2.743898769617081
2.6986409389972685
2.771952073574066
2.7369404315948485
2.763411145210266
2.7672128105163574
2.681154317855835
2.776637895107269
2.7299019968509675
2.6912891054153443
2.772247644662857
2.28671932220459
2.6102020716667176
2.5166941690444946
2.541217544078827
2.6022050297260284
2.6092556858062745
2.597992635965347
2.617605438232422
2.5490511214733123
2.586724120378494
2.556483770608902
2.5680633890628815
2.5969509077072144
2.568627101182938
2.6052691662311553
2.6352489960193632
2.5801715540885923
2.6528486812114718
2.576551524400711
2.619775688648224
2.608957166671753
2.567283821105957
2.635929900407791
2.524261850118637
2.5796896302700043
2.7963337898254395
2.289255952835083
2.251952438354492
2.2487106704711914
2.276227586269379
2.226202371120453
2.21156409740448
2.249221906661987
2.236059466600418
2.2026569294929503
2.2102112126350404
2.2059970450401307
2.2528530287742616
2.2088019001483916
2.2755635917186736
2.1441672146320343
2.2078109729290007
2.2489860033988953
2.202982397079468
2.143941798210144
2.2098687386512754
2.201761841773987
2.1912191092967985
2.2375404262542724
2.2786190736293794
2.6486470699310303
1.9099782276153565
1.9240552496910095
1.9209851014614105
1.9246517872810365
1.9186107182502747
1.936999876499176
1.9817676210403443
1.9207021522521972
2.0128762221336363
1.917876352071762
2.008895400762558
1.9684602546691894
1.9715605747699738
1.9875623488426208
1.9434725368022918
1.9753698408603668
1.959987964630127
2.00093589425087
2.0385107052326203
1.9734576958417893
2.008238697052002
2.013105570077896
1.9879181063175202
2.0443221962451936
