1.539473056793213
1.4006470489501952
1.360353366136551
1.3596003317832948
1.3231357860565185
1.3071213591098785
1.2843593490123748
1.3053555297851562
1.2775445330142974
1.3006470775604249
1.2634244394302367
1.259305859208107
1.258191841840744
1.2452500581741333
1.2690062570571898
1.2475170373916626
1.2453886395692826
1.2478823447227478
1.2610978668928146
1.2402117848396301
1.2339121437072753
1.2616117489337921
1.2605625665187836
1.225808779001236
1.238326871395111
1.2565082931518554
1.2222783291339874
1.2479112040996552
1.237560848593712
1.2346085220575334
1.208914577960968
1.2379353886842728
1.2187230783700942
1.0247611999511719
1.182167302966118
1.2046142518520355
1.1932125633955002
1.195996521115303
1.1794416266679764
1.1755277633666992
1.1858210957050324
1.1636453437805176
1.1605464470386506
1.2060798758268356
1.1947555375099181
1.1953976517915725
1.2042008602619172
1.2238390833139419
1.160437095761299
1.16799916267395
1.2075631803274154
1.1790145605802536
1.1706089401245117
1.1903135734796524
1.1815914219617845
1.188616979122162
1.1732618361711502
1.1586430811882018
1.1826635348796843
1.1791598600149156
1.1789132702350615
1.145539608001709
1.1877637541294097
1.1692772728204728
1.170047213435173
1.1973904746770858
1.0007556676864624
1.0761125421524047
1.0906075203418732
1.1018383580446243
1.0834901821613312
1.0968691784143447
1.1137675994634628
1.057358642220497
1.075854617357254
1.0859933590888977
1.0684040093421936
1.0786266374588012
1.0663485521078109
1.0794795352220534
1.0822129189968108
1.0749182552099228
1.0673544508218766
1.0551455056667327
1.0574519670009612
1.0405283236503602
1.0506428372859955
1.0363721281290055
1.0513754820823669
1.0542929762601851
1.086805396080017
1.0411015522480012
1.0394769316911698
1.0552621352672578
1.0622053396701814
1.03079918384552
1.029573018550873
1.0493065631389618
1.059379397034645
0.7013020515441895
1.0394415485858917
1.0349422532320023
1.0352206140756608
1.0209874987602234
1.0387666237354278
1.0229774618148804
1.0147559320926667
1.0143421614170074
1.03206725358963
1.0175244420766831
1.041080669760704
1.0375065183639527
1.0048933684825898
1.0097324764728546
1.038916272521019
1.0414708918333053
1.032117379307747
1.0278127801418304
1.0262417364120484
0.9905143141746521
1.028143630027771
1.0234961372613907
1.0239558815956116
1.0241132754087447
1.0289383769035338
1.0248941797018052
1.0360940384864807
1.0337092363834381
1.027375988960266
1.0039471256732941
1.0177930903434753
1.0198983836174011
