0.7432782053947449
0.6929868340492249
0.6662567418813705
0.6615472185611725
0.6683903032541275
0.6580466109514237
0.6559417581558228
0.6441207474470139
0.6447946852445603
0.6571791604161262
0.6484013575315476
0.6313137397170067
0.6407641759514808
0.6425979617238045
0.6373992952704429
0.644081717133522
0.6480127626657486
0.6469507139921188
0.6232006239891053
0.6560487747192383
0.6091123670339584
0.6094863840937614
0.6311551198363304
0.6253763449192047
0.6306495779752731
0.6269245940446854
0.6219224026799202
0.5869294363260269
0.6274163538217544
0.61807552754879
0.625517655313015
0.6319227540493011
0.6313772767782211
0.6290700095891952
0.6104445973038674
0.6175037860870362
0.6219893816113472
0.6226052179932594
0.5657247304916382
0.5906645235419273
0.5906726714968681
0.588006249666214
0.6045848223567009
0.5919241347908973
0.5996812534332275
0.6007165533304214
0.6122471711039543
0.5982144296169281
0.5966701784729957
0.5882632797956466
0.5870675310492516
0.5875811290740967
0.5940969133377075
0.5895487225055694
0.587393293082714
0.5983975833654404
0.5786265739798546
0.49515312910079956
0.5817955535650253
0.5962148359417916
0.5905618956685066
0.5853663036227226
0.5811459359526634
0.5925870993733406
0.5682198381423951
0.5993986818194389
0.5873864564299583
0.5811968153715134
0.5907094603776932
0.5825601106882096
0.5684501272439957
0.5825410079956055
0.5766954258084297
0.581885331273079
0.5788593533635139
0.5776313868165016
0.5141039490699768
0.5667234569787979
0.5823354578018188
0.5959524691104889
0.5827824029326439
0.5658286789059639
0.5968132764101028
0.5631741252541542
0.5915382474660873
0.5735256642103195
0.5779117932915687
0.5844258978962898
0.5965196099877358
0.5775541126728058
0.5902674236893654
0.5883571484684944
0.5751213490962982
0.5747282686829567
0.5780803775787353
