1.3779082298278809
1.3573946750164032
1.332512458562851
1.316634417772293
1.3073377406597138
1.3001774168014526
1.3004794681072236
1.2986355471611022
1.2866635119915009
1.3418657779693604
1.2798280584812165
1.277838431596756
1.2825606417655946
1.2768618559837341
1.2755198359489441
1.2792460548877715
1.2815947353839874
1.265357450246811
1.3089022636413574
1.2528820407390595
1.2600110101699828
1.2636701560020447
1.258960040807724
1.2595926439762115
1.258889880180359
1.256259229183197
1.2515647065639497
1.2657477855682373
1.2492731142044067
1.2565917468070984
1.2565784657001495
1.2551708447933196
1.2592119121551513
1.2556948173046112
1.2536190474033355
1.2562045669555664
