3.784665822982788
3.353995614051819
3.2471406269073486
3.274402656555176
3.247318453788757
3.2451449728012083
3.2342537903785704
3.2250284790992736
3.2085050463676454
3.2358767986297607
3.141637587547302
3.1420780277252196
3.1651434898376465
3.183230526447296
3.1163034510612486
3.1501529169082643
3.1406413769721984
3.17047527551651
3.2073452472686768
3.0803647685050963
3.038095030784607
3.0804264450073244
3.079985258579254
3.077498264312744
3.0940541362762453
3.057546305656433
3.0536700916290282
2.950021505355835
2.956758744716644
2.996813952922821
2.995259635448456
3.0056609082221986
3.010511999130249
2.9980731773376466
3.027320754528046
3.0020918464660644
3.012014865875244
2.8855899715423585
2.886929700374603
2.9438271570205687
2.914181342124939
2.9235324597358705
2.9358412408828736
2.9500799918174745
2.900829386711121
3.071272850036621
2.748012146949768
2.7425133895874025
2.729020712375641
2.7112272930145265
2.717189602851868
2.742887706756592
2.739236309528351
2.7168900537490845
2.53999662399292
2.5851740860939025
2.6166353368759157
2.625000936985016
2.6285486316680906
2.620912048816681
2.6467386841773988
2.648912041187286
2.637972877025604
2.349785566329956
2.4927858972549437
2.532749443054199
2.5212034797668457
2.548179178237915
2.517585618495941
2.5373397159576414
2.58013343334198
2.5553456592559813
2.49637508392334
2.42402161359787
2.4323027873039247
2.447188537120819
2.4774001312255858
2.483535842895508
2.430851300954819
2.4499585175514222
2.4414822816848756
2.1586408615112305
2.310070120096207
2.349188003540039
2.3452029466629027
2.3455574548244478
2.3652837145328522
2.3802772092819215
2.418016550540924
2.3595643997192384
2.0314717292785645
2.1714431607723235
2.162975969314575
2.1809493565559386
2.1790265321731566
2.1720650351047515
2.182143931388855
2.202905343770981
2.1626360166072844
2.3776040077209473
2.070372995138168
2.0883973491191865
2.0974020099639894
2.0959786128997804
2.1009107565879823
2.107406519651413
2.0947128891944886
2.1083070957660675
1.9801641702651978
2.0167204439640045
2.0002550184726715
2.0556170415878294
2.040709422826767
2.054105088710785
2.054103252887726
2.066096626520157
2.0812135875225066
2.005593776702881
1.994736489057541
1.9779768621921539
2.0049567091464997
1.9723922145366668
2.024251220226288
1.9923028779029845
1.9860123372077942
2.0059913659095763
1.980910301208496
1.913815015554428
1.9151247727870941
1.9688549542427063
1.9402257311344147
1.9420628881454467
1.9474734699726104
1.9683120095729827
1.9583096194267273
2.060011386871338
1.8691974091529846
1.8669973850250243
1.8509519898891449
1.8428290057182313
1.853948985338211
1.834833242893219
1.848780997991562
1.8537147402763368
1.8229914903640747
1.8186302506923675
1.7893131959438324
1.8239523899555206
1.8182290720939636
1.825064628124237
1.7938742864131927
1.8164963459968566
1.8053662121295928
1.6696231365203857
1.7500582182407378
1.7709865415096282
1.7775886368751526
1.8014367091655732
1.8060434412956239
1.7821275293827057
1.822412211894989
1.7902510726451875
1.778756856918335
1.765086431503296
1.7293620920181274
1.7572753167152404
1.7748352313041686
1.743735775947571
1.7695122182369232
1.7682945561408996
1.768309017419815
1.8677988052368164
1.729889770746231
1.7326268994808196
1.7244241058826446
1.747847636938095
1.729338411092758
1.7800211966037751
1.7299152934551238
1.739458314180374
1.6561566591262817
1.6942878365516663
1.700972203016281
1.690258914232254
1.7090036118030547
1.7045963656902314
1.6868509578704833
1.694851702451706
1.6867447686195374
1.655644178390503
1.6770024466514588
1.6851385605335236
1.6595084643363953
1.6896605050563813
1.6754305899143218
1.6801576435565948
1.6687399113178254
1.6873230850696563
1.7153630256652832
1.6597606205940247
1.6479489958286286
1.6649761402606964
1.6556512105464936
1.680784024000168
1.6800982630252839
1.6591144740581512
1.6603250861167909
1.651841163635254
1.6591358995437622
1.648847508430481
1.6566491258144378
1.639369375705719
1.6488148915767669
1.667456465959549
1.670042200088501
1.6492379629611968
1.68709397315979
1.6441281092166902
1.6366008293628693
1.6769238889217377
1.6299156713485718
1.642142219543457
1.6134841918945313
1.63766361951828
1.6628485465049743
