1.507205605506897
1.3497286128997803
1.3133958601951599
1.3102416789531708
1.3151517939567565
1.3003649342060088
1.3041592121124268
1.2879591834545137
1.2932062900066377
1.2722136974334717
1.281082990169525
1.2805805563926698
1.2817839074134827
1.2743738031387328
1.2696059775352477
1.275541512966156
1.272018461227417
1.2750034952163696
1.3487738370895386
1.2525331616401671
1.2515892088413239
1.2572130966186523
1.2734182119369506
1.2697198617458343
1.2533680236339568
1.2545834720134734
1.2579585087299348
1.282156229019165
1.2525706934928893
1.2475142621994018
1.264829651117325
1.2570459580421447
1.2587973999977111
1.2576864862442017
1.2508470511436462
1.2548149585723878
