3.734811782836914
3.374399018287659
3.341592063903809
3.351160480976105
3.3219855523109434
3.324527187347412
3.3325546741485597
3.296585280895233
3.2894387817382813
3.5296645164489746
3.2944168996810914
3.305411159992218
3.2874752712249755
3.2758710479736326
3.2937674641609194
3.2650425910949705
3.2393692898750306
3.2414956283569336
3.3013577461242676
3.2468466544151307
3.2467184376716616
3.267420973777771
3.2452340269088746
3.257177827358246
3.2476624274253845
3.2505865025520326
3.233524103164673
3.102139949798584
3.2280058574676516
3.225593011379242
3.230922772884369
3.2625943422317505
3.2245478510856627
3.2060815620422365
3.200214054584503
3.213652868270874
3.2889442443847656
3.192806351184845
3.186415822505951
3.2003032207489013
3.190956892967224
3.172498631477356
3.2142412662506104
3.1827077865600586
3.192676763534546
2.9579882621765137
3.1738631677627565
3.16414555311203
3.193888487815857
3.1667449474334717
3.196310534477234
3.1971278047561644
3.159427762031555
3.158024275302887
3.1539461612701416
3.150788688659668
3.1811961698532105
3.1575827383995057
3.1810357069969175
3.1673049092292787
3.1705682945251463
3.162130877971649
3.1542869234085082
3.2105114459991455
3.133594927787781
3.1587237334251403
3.1526495385169984
3.1648318791389465
3.136061153411865
3.1381099796295167
3.1701852464675904
3.1269044280052185
2.974801778793335
3.102020010948181
3.1299684405326844
3.1383129167556763
3.130292296409607
3.127999122142792
3.1375607299804686
3.106032176017761
3.139050848484039
3.3098692893981934
3.117392990589142
3.1268846559524537
3.102294988632202
3.1168032670021057
3.122210052013397
3.121527388095856
3.111203122138977
3.101001365184784
