1.392270803451538
1.3652258694171906
1.333322480916977
1.3132488071918487
1.3081258153915405
1.2920741891860963
1.3025374519824982
1.2931768536567687
1.296625496149063
1.4173377752304077
1.2812130045890808
1.2883547282218932
1.2862631237506867
1.280875049829483
1.2867510080337525
1.2733985519409179
1.2789910709857941
1.2675727486610413
1.270092248916626
1.264481760263443
1.2567025923728943
1.2527611780166625
1.2488516116142272
1.2501017379760742
1.2468751358985901
1.2498336744308471
1.2524553394317628
1.300166368484497
1.2464327013492584
1.2515943896770478
1.2395268881320953
1.2510292887687684
1.2345968651771546
1.2440761721134186
1.2382937395572662
1.236344314813614
