3.626688003540039
3.1984263181686403
3.0966435289382934
3.024014420509338
3.039505650997162
3.0264574337005614
3.0037647819519044
3.1019554138183594
2.9511563658714293
2.964185292720795
2.926765458583832
2.972653133869171
2.959280128479004
2.9277514219284058
3.233964443206787
2.8303794717788695
2.895513277053833
2.885671603679657
2.82919540643692
2.857435355186462
2.862553884983063
2.6071081161499023
2.7685562634468077
2.7837645173072816
2.763953368663788
2.7592790126800537
2.79560516834259
2.769674072265625
2.7478625774383545
2.6800522208213806
2.6796497201919554
2.707929203510284
2.6485034894943236
2.698098087310791
2.686630570888519
2.5157358646392822
2.56487877368927
2.577430160045624
2.586679515838623
2.576557922363281
2.5792347502708437
2.5967136454582214
2.6320641040802
2.4299768590927124
2.464713785648346
2.4636883878707887
2.508854069709778
2.494484715461731
2.4868597626686095
2.3607537746429443
2.2352851784229277
2.1786205649375914
2.1807308089733124
2.145365071296692
2.1553548192977905
2.174390594959259
2.1443231105804443
2.089256945848465
2.0963680970668794
2.0967856788635255
2.0710033690929412
2.082093131542206
2.0571315705776216
1.8572885990142822
2.0199759340286256
1.9973763740062713
2.008441492319107
2.0119595801830292
2.028570592403412
2.0244987320899965
1.9292978048324585
1.938290649652481
1.9272121810913085
1.9684714472293854
1.9506812870502472
1.9649482464790344
1.9825576174259185
1.8744151592254639
1.8997827684879303
1.9217420101165772
1.8919640672206879
1.9187233138084412
1.9176154708862305
1.917087323665619
1.8353122472763062
1.8399643087387085
1.8569000887870788
1.852845492362976
1.847713919878006
1.8589058721065521
1.8835745096206664
1.9131526947021484
1.8034042394161225
1.782690066099167
1.83440070271492
1.8069227826595307
1.8262099182605744
1.8118272185325623
1.6122241020202637
1.715409779548645
1.7321946144104003
1.7036884558200835
1.7408079254627227
1.7223744153976441
1.720012410879135
