1.4440929889678955
1.3252971971035004
1.2754262173175812
1.2660794126987458
1.2505477786064148
1.2655588245391847
1.2515016186237335
1.240747674703598
1.2479132091999054
1.2258495092391968
1.2143513882160186
1.2124197316169738
1.2169734692573548
1.1898126530647277
1.1962506306171417
1.1992215859889983
1.2050315237045288
1.1866033565998078
1.302927017211914
1.1469027149677276
1.1434499007463454
1.138704196214676
1.119439600110054
1.1341609811782838
1.134446734189987
1.133277284502983
1.1206498569250107
1.246215581893921
1.1060705304145813
1.1206093120574951
1.1196846854686737
1.1117957782745362
1.1224829578399658
1.1220028096437453
1.1117499417066574
1.1134955430030822
