3.485783576965332
3.066694598197937
2.9347102785110475
2.916213803291321
2.869949848651886
2.854651000499725
2.790969932079315
2.4417848587036133
2.6465839672088625
2.626045591831207
2.6299718117713926
2.619432864189148
2.611662516593933
2.6035470724105836
2.642820358276367
2.3148159265518187
2.3039086377620697
2.2819242799282073
2.306020781993866
2.348852128982544
2.3759544384479523
1.9429295063018799
1.937014353275299
1.964185814857483
1.9720628070831299
2.023002403974533
2.029592225551605
2.0572919702529906
1.7673217058181763
1.6663569271564485
1.6886431169509888
1.7388094115257262
1.7185101306438446
1.7517285561561584
1.7935619342327118
1.5574185848236084
1.5064935731887816
1.4607479453086853
1.4245421493053436
1.4662665724754333
1.421604207754135
1.4353952491283417
1.0956966876983643
1.279216479063034
1.2739379513263702
1.2728794437646866
1.2721322882175445
1.2685424101352691
1.2797970414161681
1.303017258644104
1.2439305168390273
1.256252452135086
1.2367146003246308
1.2171417331695558
1.2387440037727355
1.245909150838852
1.2849562168121338
1.204281393289566
1.1917123579978943
1.2091768211126328
1.2268276250362395
1.186410287618637
1.2083462905883788
1.139801263809204
1.1888549292087556
1.1714477437734603
1.1851338976621628
1.1675860327482224
1.1754000425338744
1.1752426683902741
1.2008050680160522
1.1601006865501404
1.135133313536644
1.137488963007927
1.1253758078813554
1.1408618479967116
1.1281701123714447
0.9851895570755005
1.066726315021515
1.0898734271526336
1.0862758833169937
1.0719457650184632
1.1001771408319474
1.0711784213781357
0.9917889833450317
1.0730720376968383
1.0745119124650955
1.06305799305439
1.0711140644550323
1.075638222694397
1.057752464413643
1.017189860343933
1.080775443315506
1.068902839422226
1.046033979654312
1.0675779402256012
1.062621556520462
1.0541823351383208
0.8708146214485168
1.0758450520038605
1.0575595003366471
1.0636307001113892
1.044900838136673
1.050792219042778
1.0551644241809846
1.081974744796753
1.0469596153497696
1.0428908693790435
1.063708245754242
1.0441679161787034
1.042298674583435
1.0531009650230407
1.1234121322631836
1.0350385004281997
1.0295972532033921
1.0347275722026825
1.0262114816904069
1.037238768339157
1.044106560945511
0.8857303857803345
1.0227819550037385
1.0281004208326339
1.0283086860179902
1.0369938099384308
1.0229665285348892
1.0323229229450226
1.086372971534729
1.037566577196121
1.0113609451055527
1.020706416964531
1.02350909948349
1.0379074984788894
1.0290951377153397
0.9691452980041504
1.0283068799972535
1.0156821966171266
1.0369783055782318
1.009034470319748
1.0251958715915679
1.0344547653198242
1.093524694442749
1.0309650778770447
1.0232378160953521
1.0126660865545274
1.022979022860527
1.0221524888277054
1.0178468734025956
0.9049794673919678
1.036823456287384
1.0264660328626634
0.9972557300329208
1.0219669622182845
1.022351148724556
1.0071128582954407
1.0813026428222656
1.012443990111351
1.0029265481233596
1.0141651785373689
1.024406252503395
1.011740946173668
1.0282412034273147
1.1957767009735107
1.005894007086754
1.00146257519722
1.0213110530376435
1.0250984597206116
1.0147770816087722
1.01085062623024
1.016155481338501
1.004778037071228
1.0194722253084183
1.005753293633461
1.0241025549173355
1.0157342094182968
1.0125168961286546
