1.3880715370178223
1.3247215414047242
1.2845657777786255
1.2659743177890777
1.2817040729522704
1.2440580356121063
1.2482564270496368
1.2537037408351899
1.247062999010086
1.2282979488372803
1.2209959840774536
1.2333934605121613
1.2165546035766601
1.2239891052246095
1.1939160239696502
1.2002737587690353
1.1909085011482239
1.2010167741775513
1.205259084701538
1.1718788862228393
1.1385460156202316
1.1495660161972046
1.1234225755929947
1.1453847199678422
1.1304150813817977
1.1162104725837707
1.1350997108221055
1.021939754486084
1.1349552428722383
1.1157485413551331
1.1219260102510453
1.113638768196106
1.1194048619270325
1.1077616339921952
1.1178907841444015
1.0938363605737687
