3.6662168502807617
3.2026678466796876
3.1135612535476684
3.093667042255402
3.129401395320892
3.0985611486434936
3.081168849468231
3.092378571033478
3.0509546065330504
3.0549816250801087
3.024045343399048
3.015420436859131
3.026153211593628
3.0032889366149904
3.0044779777526855
3.016460886001587
3.009793605804443
3.006387734413147
2.996154901981354
3.027210898399353
2.9970089292526243
2.9836716723442076
2.8154611587524414
2.941503586769104
2.924238095283508
2.9339010286331177
2.9198929047584534
2.9535326623916625
2.9449438714981078
2.9250851583480837
2.9606416058540344
2.94775297164917
2.967131545543671
2.742739200592041
2.8741421794891355
2.8516123700141907
2.876374671459198
2.8998329925537107
2.8829290223121644
2.8521527647972107
2.8904312109947203
2.8699902272224427
2.9010696816444397
2.8898479318618775
3.008664608001709
2.7588001823425294
2.8169679284095763
2.8023045468330383
2.8312354993820192
2.800650179386139
2.817327437400818
2.8448332571983337
2.842451810836792
2.8142645812034606
2.8306229948997497
2.992161512374878
2.685391592979431
2.6568801593780518
2.641450533866882
2.623898923397064
2.6291911244392394
2.6410482501983643
2.6338298869132997
2.659637644290924
2.6512671089172364
2.649235661029816
2.738569736480713
2.5259835839271547
2.5364721512794492
2.5279691410064697
2.5340969514846803
2.5842252731323243
2.5560002231597903
2.5612937426567077
2.584059534072876
2.614440128803253
2.5649149131774904
2.461618185043335
2.483236711025238
2.4701146054267884
2.4617790722846986
2.476667511463165
2.4729785656929018
2.5003044748306276
2.4658740949630737
2.507946126461029
2.517052643299103
2.485219576358795
2.1997568607330322
2.36297811627388
2.4085490560531615
2.384539475440979
2.406541357040405
2.3895251631736754
2.383388077020645
2.409412796497345
2.427206026315689
2.419558250904083
2.4190244162082672
1.987345576286316
2.32050460934639
2.2745257449150085
2.2866357374191284
2.3190283596515657
2.340698313713074
2.325564184188843
2.3612317299842833
2.3513016724586486
2.341685552597046
2.3529224371910096
2.3725757598876953
2.176210255622864
2.121108514070511
2.1622524452209473
2.1498738431930544
2.1455912709236147
2.1582907712459565
2.148965892791748
2.1369567906856535
2.1661549401283264
2.164641942977905
1.819493055343628
2.0563596856594084
2.0654184091091157
2.0748069632053374
2.0785110247135163
2.0741681838035584
2.0928576231002807
2.0968439054489134
2.0858902633190155
2.1177354073524475
2.0637351524829866
2.106353521347046
2.0248134505748747
2.0379455399513247
2.0258726024627687
2.0234707140922548
2.0440323781967162
2.0308824503421783
2.0179766273498534
2.022266594171524
2.026453868150711
2.02435342669487
1.9791336059570312
1.9516919922828675
1.9543239653110505
1.9624355030059815
1.9796242582798005
1.9765710055828094
1.9981943917274476
1.9922161960601807
1.9632853043079377
1.9968382406234741
1.9910720801353454
1.643122911453247
1.9367062056064606
1.9119473206996918
1.9072329437732696
1.9340608966350556
1.938735955953598
1.9284222745895385
1.9284060382843018
1.924605029821396
1.9416648411750794
1.9277178061008453
1.7909845113754272
1.8594020915031433
1.816806848049164
1.8423788011074067
1.8215324997901916
1.8029817366600036
1.8020763504505157
1.8316547572612762
1.8201950454711915
1.840652723312378
1.8407069253921509
1.6843922138214111
1.8009721744060516
1.7843607687950134
1.76864208817482
1.7670272278785706
1.7988436686992646
1.79358855843544
1.8229764580726624
1.809836288690567
1.7725041234493255
1.820669823884964
1.9771133661270142
1.7759910893440247
1.7549855434894561
1.7746554112434387
1.7839350759983064
1.77431285738945
1.7424481523036957
1.796789549589157
1.7556909108161927
1.7797599124908448
1.7556546115875244
1.8895646333694458
1.7346090292930603
1.7476404702663422
1.7416180551052094
1.7348956549167633
1.7089513397216798
1.7812243580818177
1.7307118093967437
1.7428659808635711
1.7582280433177948
1.7566375386714936
1.7790250778198242
1.7090772926807403
1.695832281112671
1.7346195542812348
1.7247866594791412
1.7297385609149933
1.6944737589359284
1.730231786966324
1.74576118350029
1.7195947098731994
1.7426017034053802
1.6840418577194214
1.6873126828670502
1.6885147535800933
1.6549475765228272
1.6752058529853822
1.6612996351718903
1.6661127364635469
1.665414137840271
1.6991532158851623
1.6708021223545075
1.6857154035568238
1.811089277267456
1.6472711479663849
1.6366051471233367
1.6736538672447205
1.6471860003471375
1.66302041888237
1.673708050251007
1.6412011325359344
1.665620629787445
1.659311718940735
1.6552716159820557
1.5018339157104492
1.6371711814403533
1.6338961148262023
1.6339441180229186
1.6353498411178589
1.646746518611908
1.654081130027771
1.6464338576793671
1.6572560334205628
1.65493616938591
1.6488246607780457
1.583402395248413
1.623925598859787
1.638569483757019
1.6398860704898834
1.626655901670456
1.6268367338180543
1.6401844131946564
1.6280798947811126
1.6286934912204742
1.6376551246643067
1.6420869326591492
1.408690333366394
1.61956237077713
1.6185710072517394
1.625491545200348
1.6122605073451997
1.6390631079673768
1.6454543745517731
1.5915655207633972
1.61685138463974
1.6132016384601593
1.6159718465805053
