1.388372778892517
1.3676945996284484
1.3329638946056366
1.3212288534641266
1.313312554359436
1.3192847561836243
1.2984484767913818
1.2912648808956146
1.299761323928833
1.2584130764007568
1.2816928470134734
1.2796670186519623
1.2816226065158844
1.277166267633438
1.2751282703876496
1.271345897912979
1.2813604474067688
1.2653905034065247
1.3106557130813599
1.2573827230930328
1.2517202258110047
1.2535909175872804
1.2483102202415466
1.2500329399108887
1.2514633095264436
1.2432505416870117
1.2384889125823975
1.259554147720337
1.24235023021698
1.2483414506912232
1.2475277984142303
1.23740695476532
1.25181410074234
1.247866621017456
1.2463324928283692
1.240433818101883
