1.3776911497116089
1.2730183041095733
1.1985651969909668
1.1632485049962997
1.13683057308197
1.1164084392786027
1.108681747317314
1.0860815036296845
1.0911847138404847
1.0515183210372925
0.9556865906715393
0.9518966501951218
0.9615228193998336
0.9512893104553223
0.955673993229866
0.945030837059021
0.9299221915006638
0.9220746779441833
0.7704023122787476
0.7432919347286224
0.7187946903705597
0.7034881794452668
0.7067977154254913
0.6841551604866981
0.7025638192892074
0.6944863075017929
0.6952675777673721
0.6804986000061035
0.6825749844312667
0.6787833639979363
0.6684093278646469
0.6593125343322754
0.6676304489374161
0.655593975186348
0.651042106449604
0.6614605954289436
