1.41921067237854
1.3333431351184846
1.2732997620105744
1.2463650298118591
1.227395648956299
1.2113290679454805
1.184283195734024
1.1854400944709778
1.173795531988144
1.2360243797302246
1.137265152335167
1.1266097581386567
1.1288223147392273
1.128877215385437
1.1121023339033127
1.0836278998851776
1.0870162326097488
1.0796942162513732
1.1767903566360474
0.9819893193244934
0.9634302026033401
0.9616357427835465
0.9528997772932053
0.9279387229681015
0.9120753800868988
0.9264339715242386
0.9158389401435852
0.8740652799606323
0.92223792552948
0.9024361377954483
0.913254097700119
0.9007552534341812
0.9089088535308838
0.8940879452228546
0.8959277361631394
0.9137786704301835
