1.4670135974884033
1.3498031663894654
1.3213491117954255
1.3013489902019502
1.312780134677887
1.3028618919849395
1.3002056205272674
1.300852941274643
1.286970281600952
1.2741782665252686
1.2836401164531708
1.2851250994205474
1.2947679913043977
1.2695361924171449
1.2801900124549865
1.282500467300415
1.2846623075008392
1.2706198060512544
1.216749906539917
1.2757767426967621
1.2618277156352997
1.2752217137813568
1.2697247624397279
1.2546159863471984
1.2566422390937806
1.2515224838256835
1.265300942659378
1.238641619682312
1.2642426431179046
1.267248544692993
1.2696144425868987
1.2496254980564117
1.263440272808075
1.2600018858909607
1.245986021757126
1.2696046805381775
