3.7779040336608887
3.3969539189338684
3.360735948085785
3.275198197364807
3.3244722437858583
3.3853564453125
3.367332029342651
3.362249753475189
3.3207256817817687
3.3489380431175233
3.3682212615013123
3.3216973757743835
3.2815698337554933
3.32264833688736
3.26565269947052
3.2998637890815736
3.3392928433418274
3.2835632514953614
3.27181022644043
3.308491704463959
3.281378984451294
3.2903852105140685
3.295464792251587
3.2782564997673034
3.257924785614014
3.268609802722931
3.3223611521720886
3.2851354002952577
3.2272317242622375
3.2904359340667724
3.2646347522735595
3.2247148728370667
3.2965922069549563
3.2528857493400576
3.1650373935699463
3.259419605731964
3.2003168058395386
3.228194351196289
3.2497012710571287
3.235991027355194
3.295040822029114
3.19487485408783
3.223777747154236
3.248359696865082
3.2563192796707154
3.1930198574066164
3.1885103297233583
3.2203378319740295
3.2455238127708435
3.230530712604523
3.21654944896698
3.2632653427124025
3.2482918167114256
3.1443080258369447
3.2555924892425536
3.2406299448013307
3.26228152513504
3.2015754270553587
3.208818829059601
3.1905502247810364
3.2678506350517273
3.2123407530784607
3.2434025740623476
3.1859718322753907
3.2328172516822815
3.152504403591156
3.2317467594146727
3.2044368743896485
3.392850160598755
3.1911542296409605
3.0836767745018006
3.187763011455536
3.1730125665664675
3.1250071263313295
3.1631007504463198
3.179631311893463
3.1330971050262453
3.078486957550049
3.16717666387558
3.1124452900886537
3.1333779382705687
3.1013349056243897
3.1480694079399107
3.141733431816101
3.149313826560974
3.1122508454322815
3.172084138393402
3.179447360038757
3.170392291545868
3.147087109088898
3.113143789768219
3.1221727180480956
3.1776637959480287
3.1264636969566344
3.1044728565216064
3.0786667466163635
3.15109804391861
3.1218189716339113
3.174666349887848
3.137993574142456
3.152967464923859
3.1070701909065246
3.239711046218872
3.133637466430664
3.058494324684143
3.0688700175285337
3.0272096824645995
3.080403926372528
3.072498605251312
3.0462845849990843
3.1430551624298095
3.061853425502777
3.0856081795692445
3.082365746498108
3.064164264202118
3.111179666519165
3.137326035499573
3.057011380195618
3.0346323466300964
3.0813634395599365
3.113217844963074
3.0650719261169432
3.055473566055298
3.088277475833893
3.0806212425231934
3.051262276172638
3.046990032196045
3.043068833351135
3.104592502117157
3.0521451210975648
3.0388591623306276
3.110760610103607
3.138031527996063
3.1162985825538634
3.049815492630005
3.108688516616821
2.7663817405700684
2.9409580063819885
2.954036068916321
2.9121230483055114
3.0156538820266725
2.931259207725525
2.961471893787384
2.9336920261383055
2.9941689467430113
2.939715497493744
3.021296924352646
2.943257405757904
2.918347294330597
2.976430683135986
2.920161015987396
2.9162781834602356
2.9588525891304016
2.967964913845062
2.986272280216217
2.966202874183655
2.905593731403351
2.996897397041321
2.910147285461426
3.010717794895172
2.964015498161316
2.9805266880989074
2.9893850970268248
2.9579473996162413
3.0128577089309694
2.928912298679352
2.9724330139160156
2.956370379924774
3.0115395307540895
2.974852993488312
2.6439285278320312
2.867496430873871
2.8941406130790712
2.8592465329170227
2.876914803981781
2.923735065460205
2.8571948432922363
2.8634224104881287
2.8429234528541567
2.919434869289398
2.897854595184326
2.8709956932067873
2.857128264904022
2.894765157699585
2.845916485786438
2.909069240093231
2.852389988899231
2.910970470905304
2.9002484345436095
2.913922494649887
2.9313919913768767
2.915510263442993
2.878314414024353
2.8590731739997866
2.874159822463989
2.8523737931251527
2.8874078583717346
2.91743855714798
2.9017167568206785
2.927782392501831
2.887468326091766
2.9431648659706116
2.8980166888237
2.8755491590499878
