3.61759090423584
3.303137974739075
3.179787242412567
3.1517402577400206
3.101881046295166
3.1805558836460115
3.128440592288971
3.0758098459243772
3.080673954486847
3.1673400306701662
3.049028334617615
3.0451420378684997
3.0054446053504944
3.0538876056671143
3.052516279220581
3.027423663139343
2.992529091835022
3.00266505241394
3.000648651123047
3.0452433729171755
3.0648926091194153
3.033143308162689
3.0012513828277587
3.0359774518013
3.006558909416199
2.413264274597168
2.9079482316970826
2.963493092060089
2.9582645010948183
2.9823493552207947
2.944590232372284
2.9872979426383974
2.877562232017517
2.966107096672058
2.9686693596839904
2.9011458063125612
2.926433336734772
3.0173612332344053
2.996256642341614
2.914095778465271
2.8441059958934782
2.9561639070510863
3.0015427708625793
2.8912262392044066
2.946149594783783
2.913471486568451
2.9513560914993286
2.9686476945877076
2.919162437915802
2.924456911087036
2.7673661708831787
2.8740273904800415
2.8655604004859923
2.84545877456665
2.8212919557094573
2.796167814731598
2.8728118145465853
2.868358337879181
2.839435782432556
2.8847452282905577
2.8452790141105653
2.8443731760978697
2.834977036714554
2.8364885354042055
2.835828597545624
2.8308017158508303
2.8635486459732054
2.877988815307617
2.8142525029182432
2.847253712415695
2.8730693864822388
2.8245057439804078
2.828370518684387
2.7981424057483673
2.8912515830993653
2.6201181411743164
2.737557383775711
2.700803511142731
2.7298032903671263
2.782863986492157
2.67699209690094
2.7293452227115633
2.743535486459732
2.6664179039001463
2.702313859462738
2.742718898057938
2.729001191854477
2.701897531747818
2.654290841817856
2.7515891671180723
2.7241908740997314
2.7183665227890015
2.773252568244934
2.7129350578784943
2.7887786722183225
2.796220428943634
2.745964570045471
2.795621590614319
2.7793112099170685
2.79084214925766
2.679835796356201
2.5811818981170656
2.518326737880707
2.573152037858963
2.596224218606949
2.5930247509479525
2.618446214199066
2.5811190378665922
2.5562863993644713
2.6461477601528167
2.583240463733673
2.6389158380031588
2.6269918739795686
2.6176769506931303
2.6048635768890382
2.580028762817383
2.663977814912796
2.6640764367580414
2.63640300989151
2.6734414434432985
2.6452418756484986
2.6340777504444124
2.570936858654022
2.5847108113765715
2.6729970991611482
2.533308267593384
2.3331492483615874
2.2525995767116544
2.1974008405208587
2.2500669169425964
2.1426761877536773
2.230521548986435
2.2094473361968996
2.1838239967823028
2.2070126760005953
2.2340199625492096
2.1708215010166168
2.1808893990516665
2.1874965870380403
2.2066984367370606
2.2140303695201875
2.1762697350978852
2.1589959013462066
2.1888631331920623
2.210603572130203
2.1966590738296508
2.193802502155304
2.2242866277694704
2.2495041131973266
2.237488397359848
1.8558647632598877
1.8146540307998658
1.876431678533554
1.8098499774932861
1.928034063577652
1.9084583938121795
1.9596337640285493
1.8804324734210969
1.9323114383220672
1.9008601081371308
1.8654746615886688
1.8873480904102324
1.8825881552696229
1.9455908167362213
2.002117385864258
1.9188358688354492
1.9588312113285065
1.9441365325450897
1.9808182215690613
1.9632464861869812
1.9840079689025878
1.986343810558319
1.9729882872104645
1.9855061042308808
1.951035988330841
2.108123779296875
1.6588343995809556
1.6674939894676208
1.638635926246643
1.6746847367286681
1.6948879528045655
1.6814010310173035
1.7189399659633637
1.696358938217163
1.6726506674289703
1.6747450184822084
1.7384668242931367
1.7608627915382384
1.7790241515636445
1.7174031436443329
1.7422315514087676
1.7532132071256639
1.7843882989883424
1.712413684129715
1.7364150100946427
1.7165989518165587
1.7181352883577348
1.6805975878238677
1.7663149189949037
1.7335063445568084
1.389004111289978
1.5019803339242934
1.5242755138874053
1.504112691283226
1.5321118307113648
1.532938682436943
1.509575091600418
1.5199192178249359
1.5404837548732757
1.542173486351967
1.5559903168678284
1.532357358932495
1.5543216741085053
1.550654649734497
1.536556979417801
1.5280374157428742
1.542800148129463
1.5760105538368225
1.569916960000992
1.5274554538726806
1.6083821535110474
1.5582901805639267
1.5442429184913635
1.6101359045505523
1.5633700251579286
1.7706053256988525
1.4080005389451982
1.3961089926958083
1.4170626664161683
1.399577955007553
1.3808878749608993
1.3885766333341598
1.4131015050411224
1.4265804851055146
1.3958421903848648
1.4114348322153092
1.389687988758087
1.407513148188591
1.3955780386924743
1.401190728545189
1.383490214943886
1.4045748633146287
1.3807222574949265
1.358426668047905
1.4143856996297837
1.4365565848350526
1.4405135941505431
1.4130606442689895
1.447344059944153
1.3971995568275453
1.0864484310150146
1.3134407997131348
1.2580019783973695
1.241700331568718
1.2016741371154784
1.2080688482522965
1.247052936553955
1.2499863994121552
1.2444819939136504
1.2172933453321457
1.2112954503297806
1.220184889435768
1.1827090167999268
1.2017693066596984
1.22295951962471
1.1945454794168473
1.2192926055192947
1.2383260643482208
1.1867051601409913
1.2189520961046219
1.1706119018793106
1.1924335598945617
1.2044390082359313
1.1765159803628922
1.2210402166843415
0.7709861397743225
1.1160405123233794
1.0872056788206101
1.113818405866623
1.153239911198616
1.100348327755928
1.0745948404073715
1.130145559310913
1.066513022184372
1.1233984929323197
1.1126267623901367
1.1138401532173157
1.1251697355508805
1.0861062481999397
1.1072300177812577
1.109557193517685
1.0900289672613144
1.1027006191015243
1.0962709772586823
1.0963050270080565
1.0923265647888183
1.081850619316101
1.1070985335111618
1.106453645825386
1.0962652319669723
0.7497323751449585
1.0660108023881911
1.0764333307743073
1.0888502502441406
1.0935167413949967
1.0577802884578704
1.0610944348573685
1.0734736132621765
1.0363875973224639
1.049303606748581
1.0944754108786583
1.0612633603811263
1.0768284517526627
1.0197384053468703
1.0760640642046928
1.0714006197452546
1.0581852662563325
1.0833912229537963
1.0546835500001908
1.0789366048574447
1.0811562556028367
1.078870298266411
1.0657296520471573
1.0572817099094391
1.0613219958543778
1.0360480546951294
1.0303385931253433
1.0257118493318558
1.0539564406871795
1.0454361122846603
1.0468510437011718
1.0448671054840089
1.0198407614231109
1.0290542757511139
1.0647438490390777
1.0801974356174469
1.0284289455413818
1.051990430355072
1.057861583828926
1.0249047198891639
1.0381357526779176
1.0710205817222596
1.0429362374544144
1.0556473517417908
1.0543512624502183
1.0330888277292252
0.9879575091600418
1.0280515789985656
1.0416543370485305
1.0454141956567764
1.2411234378814697
1.0397567093372344
1.006135106086731
1.0524220496416092
0.9854707193374633
1.0229100197553636
1.0231582254171372
1.0313827443122863
1.0211527621746064
1.000774358510971
1.0241574376821518
1.0118956464529036
1.0278432494401932
1.030149582028389
1.0613618177175521
1.0529940012097359
1.0104996371269226
1.036906555891037
1.0259805238246917
0.9904767793416976
1.003237676024437
0.9939590585231781
1.0012227940559386
1.0235525780916215
1.0150935226678848
0.9563751220703125
1.0009782058000565
1.0270110559463501
1.0128783959150314
1.016457382440567
1.0017086654901504
1.0277003812789918
0.993601616024971
1.0002254331111908
1.014444951415062
0.9898487889766693
0.9823514276742935
0.9863886862993241
0.9962652647495269
1.027143770456314
1.0215851086378098
0.9899100625514984
0.990939205288887
1.0114162117242813
0.9924931383132934
0.9912530350685119
0.9788592731952668
1.0004666483402251
0.9991128569841385
0.999286081790924
0.7451005578041077
0.9673121455311775
0.9750964105129242
0.9701963356137275
1.0198534899950027
1.0016800326108932
0.9684844371676445
1.02918484210968
0.9835518223047256
0.9917083442211151
0.9696390587091446
0.9594436597824096
1.0250139248371124
1.0005089128017426
0.994006912112236
0.9805786156654358
0.99334552526474
0.9936935329437255
1.0050135987997055
0.9937268286943436
0.9966365188360214
1.0010260397195816
0.9917166715860367
0.9957874476909637
0.9755234408378601
0.8922663927078247
0.9902289825677871
1.006976997256279
0.9974796032905578
1.0015339136123658
0.9784133648872375
0.9837790048122406
0.9724224132299423
0.993969839811325
0.9820391494035721
0.9428144663572311
0.9846274846792221
0.9879749721288681
0.9860367614030838
0.9663233721256256
1.0024727642536164
0.9962802004814147
1.006146639585495
0.9906228643655777
0.9754458725452423
0.9910182791948319
0.984706131219864
0.9910687893629074
1.0138113069534302
0.9209242069721222
0.9032082557678223
1.0102781212329865
0.9530482006072998
0.9999646723270417
0.9501000863313674
0.9558684951066971
0.9989949005842209
0.9887693077325821
1.0020077580213547
0.9862833452224732
1.0069948041439056
0.9856787610054016
0.9797845190763473
0.9911914920806885
0.9627241998910904
0.9597842139005661
0.9840886330604554
0.9862908595800399
1.0037528371810913
0.9689558750391006
0.9529571568965912
0.9934258386492729
0.9844652611017227
0.9726540851593017
0.9886218756437302
0.9695794582366943
0.964167600274086
0.9619927060604095
0.9842076888680458
0.9920237010717392
1.0157710331678391
0.9985759073495865
0.978995760679245
1.0202228772640227
0.9519964843988419
0.9798589468002319
0.9727716284990311
1.0114898151159286
0.9793659144639969
0.9526817396283149
0.953181312084198
0.9874972587823868
0.9793483006954193
0.9660530933737754
0.995941830277443
0.9809410470724106
0.9618667566776276
0.9716911298036576
0.9740272343158722
0.930961606502533
1.3227076530456543
0.9871563237905502
0.9737907421588897
0.9607247525453567
0.9607841220498085
0.9606393098831176
0.9667525458335876
0.9858903700113296
1.01391452729702
0.9468662816286088
0.9707694014906884
0.9823261111974716
0.9653055965900421
0.9852392607927323
0.9780920207500458
0.957234717309475
0.9911575630307198
0.9750485616922379
0.9839544117450714
0.9847149139642716
0.9688967576622963
0.9958180570602417
0.9693975004553795
0.9599366450309753
0.9764642775058746
0.965228796005249
0.9438542658090592
1.0133011549711228
0.9788973647356033
0.9766804099082946
0.9678841471672058
0.9664741021394729
0.9854980391263962
0.970241311788559
0.9818955564498901
0.9702783745527267
0.9920062941312789
0.9449317437410355
0.9768131422996521
0.9630663627386093
0.9745889645814896
0.9710965967178344
0.9972226005792618
0.9626147937774658
0.956692818403244
0.9491627478599548
0.9655240458250046
1.0016406247019767
0.9800907766819
0.9493019205331802
0.7972351908683777
0.970328311920166
0.9809254693984986
0.954566102027893
0.9402303493022919
0.971629541516304
0.987138489484787
0.9855688768625259
0.9560225158929825
0.9884006643295288
0.9747711104154587
0.9137260830402374
0.9739780277013779
0.9615825426578521
0.9512116199731827
0.9718704831600189
1.004935972094536
0.9839848333597183
1.0024052202701568
0.9854721957445145
0.9642838680744171
0.9694816988706588
0.9714652317762374
0.9814048081636428
0.9727472430467605
1.1547106504440308
0.9824557000398636
0.9923017984628677
0.9666698229312897
0.9658422791957855
0.9603432834148407
0.9467838144302368
0.9929229700565338
0.9331550252437592
0.9827515894174575
0.9664785683155059
0.9796384483575821
0.9649109369516373
0.9694336074590683
0.9797423088550568
0.9597798603773117
0.9768788796663285
0.9460981422662735
0.9718739140033722
0.9737752681970596
0.9477319204807282
0.9584785449504852
0.9850132715702057
0.9728568482398987
0.9919029998779297
0.9730310440063477
0.9758687132596969
0.9553585255146027
0.9770145148038865
0.9632111996412277
0.9611946851015091
0.9694218927621842
0.9428545290231705
0.9811012661457061
0.9673719257116318
0.9503696832060814
0.9562263572216034
0.9804783314466476
0.983620355129242
0.9978469628095626
0.9871088701486588
0.9877312624454498
0.9737590569257736
0.9541333374381066
0.9501865845918656
0.9685529458522797
0.9765798002481461
0.9736778539419174
0.9587178879976272
0.9629670137166977
