3.2510085105895996
3.23262503862381
3.172634072303772
3.180424900054932
3.1664814352989197
3.1592828845977783
3.16260511636734
3.1560531425476075
3.13394716501236
3.1730188083648683
3.12615859746933
3.2256174087524414
3.1281042075157166
3.117124388217926
3.1189164543151855
3.1225568795204164
3.1253868341445923
3.152112989425659
3.1143648862838744
3.1172977685928345
3.1431706976890563
3.1006395983695985
3.256894111633301
3.144305319786072
3.1152576208114624
3.0882373094558715
3.1006213808059693
3.08773387670517
3.109507267475128
3.0875223064422608
3.0906302881240846
3.0989015769958494
3.085884277820587
3.171142578125
3.0770737099647523
3.0852479696273805
3.079341630935669
3.0752944111824037
3.056873359680176
3.0940914607048033
3.089896912574768
3.080119781494141
3.044700767993927
3.12923969745636
3.0773561000823975
3.069921844005585
3.0492604184150696
3.082832865715027
3.0666470766067504
3.0712034773826598
3.045621039867401
3.0434942626953125
3.0895395565032957
3.050932321548462
3.0752631974220277
3.1811351776123047
3.0371661949157716
3.010520462989807
3.055471513271332
3.0564844155311586
3.0279010772705077
3.0477042508125307
3.0291599225997925
3.019392099380493
3.050472092628479
3.0315466928482055
2.881101608276367
3.037589387893677
3.0224861097335816
3.0321959900856017
3.022543511390686
3.0375119066238403
3.0320263600349424
3.0108941102027895
3.041930809020996
3.036919884681702
3.0201782321929933
2.947557210922241
3.02830775976181
3.0448405361175537
3.0056695675849916
3.0123949694633483
2.9958556127548217
2.9846205425262453
3.0222216510772704
3.0174020671844484
3.010252411365509
3.017189507484436
2.986678123474121
3.0047689032554628
3.0075197863578795
3.0195794701576233
2.9768812012672425
3.002113299369812
3.0102108883857728
3.004036002159119
3.02016455411911
3.0013467669487
3.0099463748931883
2.8789408206939697
2.997010016441345
3.010132234096527
2.9849923515319823
3.0127386260032654
2.9997052264213564
3.012385993003845
3.0019138717651366
2.979365835189819
2.990917057991028
2.9570247101783753
2.920858860015869
2.968923671245575
2.9701897931098937
2.9828866791725157
2.986706221103668
2.995613079071045
2.952798693180084
2.971522469520569
2.9600938510894776
2.9507510447502137
2.981211447715759
2.868373155593872
2.9678388833999634
2.9560689330101013
2.9479268693923952
2.9758902907371523
2.99283579826355
2.9413673281669617
2.9871209025382996
2.94754558801651
2.975421898365021
2.9628436303138734
2.9961533546447754
2.9641388940811155
2.9656678342819216
2.9484017372131346
2.9392250871658323
2.96685564994812
2.9638989996910095
2.9623151350021364
2.9383420872688295
2.934989159107208
2.972476737499237
3.2456092834472656
2.9480198407173157
2.9375776052474976
2.9502072310447693
2.948767569065094
2.9365731620788575
2.9458247303962706
2.9634005570411683
2.9540157222747805
2.943757994174957
2.939265329837799
3.009556770324707
2.9561836552619933
2.9481835341453553
2.9177221179008486
2.951363172531128
2.9587593364715574
2.9297780179977417
2.950992796421051
2.9062753653526308
2.948441698551178
2.92566823720932
2.9280447959899902
2.9229290318489074
2.9129493761062624
2.904610104560852
2.931037013530731
2.9320300126075747
2.897801833152771
2.9172238183021544
2.950942494869232
2.9297361159324646
2.920736725330353
3.0120348930358887
2.9130448698997498
2.9117508935928345
2.916935160160065
2.9451591563224793
2.910011234283447
2.8926187229156493
2.9067736077308655
2.9201819634437562
2.9198653173446654
2.9162494778633117
3.1370959281921387
2.9061590790748597
2.9295508098602294
2.909477128982544
2.9099600815773012
2.9252509307861327
2.9142507410049436
2.887872626781464
2.938779981136322
2.8861526155471804
2.91968492269516
3.0890119075775146
2.8879481196403503
2.899752697944641
2.8819006133079528
2.907801821231842
2.9093617486953733
2.9033576011657716
2.9124664735794066
2.9139569449424743
2.925843307971954
2.9257172656059267
2.694948196411133
2.894233934879303
2.888574357032776
2.879215648174286
2.912927219867706
2.892528336048126
2.916394715309143
2.9099105381965638
2.9236457562446594
2.900359253883362
2.8905873560905455
3.2393555641174316
2.8802943325042722
2.904205403327942
2.890552897453308
2.8698616147041323
2.874898021221161
2.8661498475074767
2.9028484511375425
2.9134255504608153
2.892205855846405
2.921561322212219
2.97845458984375
2.8927884817123415
2.8623514699935915
2.8768055725097654
2.9116320967674256
2.8921335315704346
2.8768319201469423
2.8765688061714174
2.857465615272522
2.901002266407013
2.9134359979629516
2.91605806350708
2.8801295065879824
2.877182712554932
2.891726942062378
2.8764727449417116
2.906894896030426
2.9009664368629458
2.888995885848999
2.891280167102814
2.877591140270233
2.866411771774292
2.9014534950256348
2.8969817757606506
2.879862949848175
2.8434071063995363
2.863163855075836
2.884190673828125
2.8809085273742676
2.897785873413086
2.898135411739349
2.8713939929008485
2.8986922454833985
2.926196336746216
2.890653741359711
2.859064519405365
2.884081635475159
2.896709630489349
2.85157026052475
2.8952058386802673
2.9082027673721313
2.876562170982361
2.8816396975517273
2.853906977176666
